-0.00777
-0.00813
-0.00777
0.00880333333333
-0.00777
0.0257366666667
-0.00777
0.04267
-0.00777
0.0596033333333
-0.00777
0.0765366666667
-0.00777
0.09347
-0.00777
0.110403333333
-0.00777
0.127336666667
-0.00777
0.14427
-0.00777
0.161203333333
-0.00777
0.178136666667
-0.00777
0.19507
-0.00777
0.212003333333
-0.00777
0.228936666667
-0.00777
0.24587
-0.00777
0.262803333333
-0.00777
0.279736666667
-0.00777
0.29667
-0.00777
0.313603333333
-0.00777
0.330536666667
-0.00777
0.34747
-0.00777
0.364403333333
-0.00777
0.381336666667
-0.00777
0.39827
-0.00777
0.415203333333
-0.00777
0.432136666667
-0.00777
0.44907
-0.00777
0.466003333333
-0.00777
0.482936666667
-0.00777
0.49987
-0.00777
0.516803333333
-0.00777
0.533736666667
-0.00777
0.55067
-0.00777
0.567603333333
-0.00777
0.584536666667
-0.00777
0.60147
-0.00777
0.618403333333
-0.00777
0.635336666667
-0.00777
0.65227
-0.00777
0.669203333333
-0.00777
0.686136666667
-0.00777
0.70307
-0.00777
0.720003333333
-0.00777
0.736936666667
-0.00777
0.75387
-0.00777
0.770803333333
-0.00777
0.787736666667
-0.00777
0.80467
-0.00777
0.821603333333
-0.00777
0.838536666667
-0.00777
0.85547
-0.00777
0.872403333333
-0.00777
0.889336666667
-0.00777
0.90627
-0.00777
0.923203333333
-0.00777
0.940136666667
-0.00777
0.95707
-0.00777
0.974003333333
-0.00777
0.990936666667
-0.00777
1.00787
0.00916333333333
-0.00813
0.00916333333333
0.00880333333333
0.00916333333333
0.0257366666667
0.00916333333333
0.04267
0.00916333333333
0.0596033333333
0.00916333333333
0.0765366666667
0.00916333333333
0.09347
0.00916333333333
0.110403333333
0.00916333333333
0.127336666667
0.00916333333333
0.14427
0.00916333333333
0.161203333333
0.00916333333333
0.178136666667
0.00916333333333
0.19507
0.00916333333333
0.212003333333
0.00916333333333
0.228936666667
0.00916333333333
0.24587
0.00916333333333
0.262803333333
0.00916333333333
0.279736666667
0.00916333333333
0.29667
0.00916333333333
0.313603333333
0.00916333333333
0.330536666667
0.00916333333333
0.34747
0.00916333333333
0.364403333333
0.00916333333333
0.381336666667
0.00916333333333
0.39827
0.00916333333333
0.415203333333
0.00916333333333
0.432136666667
0.00916333333333
0.44907
0.00916333333333
0.466003333333
0.00916333333333
0.482936666667
0.00916333333333
0.49987
0.00916333333333
0.516803333333
0.00916333333333
0.533736666667
0.00916333333333
0.55067
0.00916333333333
0.567603333333
0.00916333333333
0.584536666667
0.00916333333333
0.60147
0.00916333333333
0.618403333333
0.00916333333333
0.635336666667
0.00916333333333
0.65227
0.00916333333333
0.669203333333
0.00916333333333
0.686136666667
0.00916333333333
0.70307
0.00916333333333
0.720003333333
0.00916333333333
0.736936666667
0.00916333333333
0.75387
0.00916333333333
0.770803333333
0.00916333333333
0.787736666667
0.00916333333333
0.80467
0.00916333333333
0.821603333333
0.00916333333333
0.838536666667
0.00916333333333
0.85547
0.00916333333333
0.872403333333
0.00916333333333
0.889336666667
0.00916333333333
0.90627
0.00916333333333
0.923203333333
0.00916333333333
0.940136666667
0.00916333333333
0.95707
0.00916333333333
0.974003333333
0.00916333333333
0.990936666667
0.00916333333333
1.00787
0.0260966666667
-0.00813
0.0260966666667
0.00880333333333
0.0260966666667
0.0257366666667
0.0260966666667
0.04267
0.0260966666667
0.0596033333333
0.0260966666667
0.0765366666667
0.0260966666667
0.09347
0.0260966666667
0.110403333333
0.0260966666667
0.127336666667
0.0260966666667
0.14427
0.0260966666667
0.161203333333
0.0260966666667
0.178136666667
0.0260966666667
0.19507
0.0260966666667
0.212003333333
0.0260966666667
0.228936666667
0.0260966666667
0.24587
0.0260966666667
0.262803333333
0.0260966666667
0.279736666667
0.0260966666667
0.29667
0.0260966666667
0.313603333333
0.0260966666667
0.330536666667
0.0260966666667
0.34747
0.0260966666667
0.364403333333
0.0260966666667
0.381336666667
0.0260966666667
0.39827
0.0260966666667
0.415203333333
0.0260966666667
0.432136666667
0.0260966666667
0.44907
0.0260966666667
0.466003333333
0.0260966666667
0.482936666667
0.0260966666667
0.49987
0.0260966666667
0.516803333333
0.0260966666667
0.533736666667
0.0260966666667
0.55067
0.0260966666667
0.567603333333
0.0260966666667
0.584536666667
0.0260966666667
0.60147
0.0260966666667
0.618403333333
0.0260966666667
0.635336666667
0.0260966666667
0.65227
0.0260966666667
0.669203333333
0.0260966666667
0.686136666667
0.0260966666667
0.70307
0.0260966666667
0.720003333333
0.0260966666667
0.736936666667
0.0260966666667
0.75387
0.0260966666667
0.770803333333
0.0260966666667
0.787736666667
0.0260966666667
0.80467
0.0260966666667
0.821603333333
0.0260966666667
0.838536666667
0.0260966666667
0.85547
0.0260966666667
0.872403333333
0.0260966666667
0.889336666667
0.0260966666667
0.90627
0.0260966666667
0.923203333333
0.0260966666667
0.940136666667
0.0260966666667
0.95707
0.0260966666667
0.974003333333
0.0260966666667
0.990936666667
0.0260966666667
1.00787
0.04303
-0.00813
0.04303
0.00880333333333
0.04303
0.0257366666667
0.04303
0.04267
0.04303
0.0596033333333
0.04303
0.0765366666667
0.04303
0.09347
0.04303
0.110403333333
0.04303
0.127336666667
0.04303
0.14427
0.04303
0.161203333333
0.04303
0.178136666667
0.04303
0.19507
0.04303
0.212003333333
0.04303
0.228936666667
0.04303
0.24587
0.04303
0.262803333333
0.04303
0.279736666667
0.04303
0.29667
0.04303
0.313603333333
0.04303
0.330536666667
0.04303
0.34747
0.04303
0.364403333333
0.04303
0.381336666667
0.04303
0.39827
0.04303
0.415203333333
0.04303
0.432136666667
0.04303
0.44907
0.04303
0.466003333333
0.04303
0.482936666667
0.04303
0.49987
0.04303
0.516803333333
0.04303
0.533736666667
0.04303
0.55067
0.04303
0.567603333333
0.04303
0.584536666667
0.04303
0.60147
0.04303
0.618403333333
0.04303
0.635336666667
0.04303
0.65227
0.04303
0.669203333333
0.04303
0.686136666667
0.04303
0.70307
0.04303
0.720003333333
0.04303
0.736936666667
0.04303
0.75387
0.04303
0.770803333333
0.04303
0.787736666667
0.04303
0.80467
0.04303
0.821603333333
0.04303
0.838536666667
0.04303
0.85547
0.04303
0.872403333333
0.04303
0.889336666667
0.04303
0.90627
0.04303
0.923203333333
0.04303
0.940136666667
0.04303
0.95707
0.04303
0.974003333333
0.04303
0.990936666667
0.04303
1.00787
0.0599633333333
-0.00813
0.0599633333333
0.00880333333333
0.0599633333333
0.0257366666667
0.0599633333333
0.04267
0.0599633333333
0.0596033333333
0.0599633333333
0.0765366666667
0.0599633333333
0.09347
0.0599633333333
0.110403333333
0.0599633333333
0.127336666667
0.0599633333333
0.14427
0.0599633333333
0.161203333333
0.0599633333333
0.178136666667
0.0599633333333
0.19507
0.0599633333333
0.212003333333
0.0599633333333
0.228936666667
0.0599633333333
0.24587
0.0599633333333
0.262803333333
0.0599633333333
0.279736666667
0.0599633333333
0.29667
0.0599633333333
0.313603333333
0.0599633333333
0.330536666667
0.0599633333333
0.34747
0.0599633333333
0.364403333333
0.0599633333333
0.381336666667
0.0599633333333
0.39827
0.0599633333333
0.415203333333
0.0599633333333
0.432136666667
0.0599633333333
0.44907
0.0599633333333
0.466003333333
0.0599633333333
0.482936666667
0.0599633333333
0.49987
0.0599633333333
0.516803333333
0.0599633333333
0.533736666667
0.0599633333333
0.55067
0.0599633333333
0.567603333333
0.0599633333333
0.584536666667
0.0599633333333
0.60147
0.0599633333333
0.618403333333
0.0599633333333
0.635336666667
0.0599633333333
0.65227
0.0599633333333
0.669203333333
0.0599633333333
0.686136666667
0.0599633333333
0.70307
0.0599633333333
0.720003333333
0.0599633333333
0.736936666667
0.0599633333333
0.75387
0.0599633333333
0.770803333333
0.0599633333333
0.787736666667
0.0599633333333
0.80467
0.0599633333333
0.821603333333
0.0599633333333
0.838536666667
0.0599633333333
0.85547
0.0599633333333
0.872403333333
0.0599633333333
0.889336666667
0.0599633333333
0.90627
0.0599633333333
0.923203333333
0.0599633333333
0.940136666667
0.0599633333333
0.95707
0.0599633333333
0.974003333333
0.0599633333333
0.990936666667
0.0599633333333
1.00787
0.0768966666667
-0.00813
0.0768966666667
0.00880333333333
0.0768966666667
0.0257366666667
0.0768966666667
0.04267
0.0768966666667
0.0596033333333
0.0768966666667
0.0765366666667
0.0768966666667
0.09347
0.0768966666667
0.110403333333
0.0768966666667
0.127336666667
0.0768966666667
0.14427
0.0768966666667
0.161203333333
0.0768966666667
0.178136666667
0.0768966666667
0.19507
0.0768966666667
0.212003333333
0.0768966666667
0.228936666667
0.0768966666667
0.24587
0.0768966666667
0.262803333333
0.0768966666667
0.279736666667
0.0768966666667
0.29667
0.0768966666667
0.313603333333
0.0768966666667
0.330536666667
0.0768966666667
0.34747
0.0768966666667
0.364403333333
0.0768966666667
0.381336666667
0.0768966666667
0.39827
0.0768966666667
0.415203333333
0.0768966666667
0.432136666667
0.0768966666667
0.44907
0.0768966666667
0.466003333333
0.0768966666667
0.482936666667
0.0768966666667
0.49987
0.0768966666667
0.516803333333
0.0768966666667
0.533736666667
0.0768966666667
0.55067
0.0768966666667
0.567603333333
0.0768966666667
0.584536666667
0.0768966666667
0.60147
0.0768966666667
0.618403333333
0.0768966666667
0.635336666667
0.0768966666667
0.65227
0.0768966666667
0.669203333333
0.0768966666667
0.686136666667
0.0768966666667
0.70307
0.0768966666667
0.720003333333
0.0768966666667
0.736936666667
0.0768966666667
0.75387
0.0768966666667
0.770803333333
0.0768966666667
0.787736666667
0.0768966666667
0.80467
0.0768966666667
0.821603333333
0.0768966666667
0.838536666667
0.0768966666667
0.85547
0.0768966666667
0.872403333333
0.0768966666667
0.889336666667
0.0768966666667
0.90627
0.0768966666667
0.923203333333
0.0768966666667
0.940136666667
0.0768966666667
0.95707
0.0768966666667
0.974003333333
0.0768966666667
0.990936666667
0.0768966666667
1.00787
0.09383
-0.00813
0.09383
0.00880333333333
0.09383
0.0257366666667
0.09383
0.04267
0.09383
0.0596033333333
0.09383
0.0765366666667
0.09383
0.09347
0.09383
0.110403333333
0.09383
0.127336666667
0.09383
0.14427
0.09383
0.161203333333
0.09383
0.178136666667
0.09383
0.19507
0.09383
0.212003333333
0.09383
0.228936666667
0.09383
0.24587
0.09383
0.262803333333
0.09383
0.279736666667
0.09383
0.29667
0.09383
0.313603333333
0.09383
0.330536666667
0.09383
0.34747
0.09383
0.364403333333
0.09383
0.381336666667
0.09383
0.39827
0.09383
0.415203333333
0.09383
0.432136666667
0.09383
0.44907
0.09383
0.466003333333
0.09383
0.482936666667
0.09383
0.49987
0.09383
0.516803333333
0.09383
0.533736666667
0.09383
0.55067
0.09383
0.567603333333
0.09383
0.584536666667
0.09383
0.60147
0.09383
0.618403333333
0.09383
0.635336666667
0.09383
0.65227
0.09383
0.669203333333
0.09383
0.686136666667
0.09383
0.70307
0.09383
0.720003333333
0.09383
0.736936666667
0.09383
0.75387
0.09383
0.770803333333
0.09383
0.787736666667
0.09383
0.80467
0.09383
0.821603333333
0.09383
0.838536666667
0.09383
0.85547
0.09383
0.872403333333
0.09383
0.889336666667
0.09383
0.90627
0.09383
0.923203333333
0.09383
0.940136666667
0.09383
0.95707
0.09383
0.974003333333
0.09383
0.990936666667
0.09383
1.00787
0.110763333333
-0.00813
0.110763333333
0.00880333333333
0.110763333333
0.0257366666667
0.110763333333
0.04267
0.110763333333
0.0596033333333
0.110763333333
0.0765366666667
0.110763333333
0.09347
0.110763333333
0.110403333333
0.110763333333
0.127336666667
0.110763333333
0.14427
0.110763333333
0.161203333333
0.110763333333
0.178136666667
0.110763333333
0.19507
0.110763333333
0.212003333333
0.110763333333
0.228936666667
0.110763333333
0.24587
0.110763333333
0.262803333333
0.110763333333
0.279736666667
0.110763333333
0.29667
0.110763333333
0.313603333333
0.110763333333
0.330536666667
0.110763333333
0.34747
0.110763333333
0.364403333333
0.110763333333
0.381336666667
0.110763333333
0.39827
0.110763333333
0.415203333333
0.110763333333
0.432136666667
0.110763333333
0.44907
0.110763333333
0.466003333333
0.110763333333
0.482936666667
0.110763333333
0.49987
0.110763333333
0.516803333333
0.110763333333
0.533736666667
0.110763333333
0.55067
0.110763333333
0.567603333333
0.110763333333
0.584536666667
0.110763333333
0.60147
0.110763333333
0.618403333333
0.110763333333
0.635336666667
0.110763333333
0.65227
0.110763333333
0.669203333333
0.110763333333
0.686136666667
0.110763333333
0.70307
0.110763333333
0.720003333333
0.110763333333
0.736936666667
0.110763333333
0.75387
0.110763333333
0.770803333333
0.110763333333
0.787736666667
0.110763333333
0.80467
0.110763333333
0.821603333333
0.110763333333
0.838536666667
0.110763333333
0.85547
0.110763333333
0.872403333333
0.110763333333
0.889336666667
0.110763333333
0.90627
0.110763333333
0.923203333333
0.110763333333
0.940136666667
0.110763333333
0.95707
0.110763333333
0.974003333333
0.110763333333
0.990936666667
0.110763333333
1.00787
0.127696666667
-0.00813
0.127696666667
0.00880333333333
0.127696666667
0.0257366666667
0.127696666667
0.04267
0.127696666667
0.0596033333333
0.127696666667
0.0765366666667
0.127696666667
0.09347
0.127696666667
0.110403333333
0.127696666667
0.127336666667
0.127696666667
0.14427
0.127696666667
0.161203333333
0.127696666667
0.178136666667
0.127696666667
0.19507
0.127696666667
0.212003333333
0.127696666667
0.228936666667
0.127696666667
0.24587
0.127696666667
0.262803333333
0.127696666667
0.279736666667
0.127696666667
0.29667
0.127696666667
0.313603333333
0.127696666667
0.330536666667
0.127696666667
0.34747
0.127696666667
0.364403333333
0.127696666667
0.381336666667
0.127696666667
0.39827
0.127696666667
0.415203333333
0.127696666667
0.432136666667
0.127696666667
0.44907
0.127696666667
0.466003333333
0.127696666667
0.482936666667
0.127696666667
0.49987
0.127696666667
0.516803333333
0.127696666667
0.533736666667
0.127696666667
0.55067
0.127696666667
0.567603333333
0.127696666667
0.584536666667
0.127696666667
0.60147
0.127696666667
0.618403333333
0.127696666667
0.635336666667
0.127696666667
0.65227
0.127696666667
0.669203333333
0.127696666667
0.686136666667
0.127696666667
0.70307
0.127696666667
0.720003333333
0.127696666667
0.736936666667
0.127696666667
0.75387
0.127696666667
0.770803333333
0.127696666667
0.787736666667
0.127696666667
0.80467
0.127696666667
0.821603333333
0.127696666667
0.838536666667
0.127696666667
0.85547
0.127696666667
0.872403333333
0.127696666667
0.889336666667
0.127696666667
0.90627
0.127696666667
0.923203333333
0.127696666667
0.940136666667
0.127696666667
0.95707
0.127696666667
0.974003333333
0.127696666667
0.990936666667
0.127696666667
1.00787
0.14463
-0.00813
0.14463
0.00880333333333
0.14463
0.0257366666667
0.14463
0.04267
0.14463
0.0596033333333
0.14463
0.0765366666667
0.14463
0.09347
0.14463
0.110403333333
0.14463
0.127336666667
0.14463
0.14427
0.14463
0.161203333333
0.14463
0.178136666667
0.14463
0.19507
0.14463
0.212003333333
0.14463
0.228936666667
0.14463
0.24587
0.14463
0.262803333333
0.14463
0.279736666667
0.14463
0.29667
0.14463
0.313603333333
0.14463
0.330536666667
0.14463
0.34747
0.14463
0.364403333333
0.14463
0.381336666667
0.14463
0.39827
0.14463
0.415203333333
0.14463
0.432136666667
0.14463
0.44907
0.14463
0.466003333333
0.144813705381
0.482945414542
0.144816666667
0.49987
0.144813705381
0.516794585458
0.14463
0.533736666667
0.14463
0.55067
0.14463
0.567603333333
0.14463
0.584536666667
0.14463
0.60147
0.14463
0.618403333333
0.14463
0.635336666667
0.14463
0.65227
0.14463
0.669203333333
0.14463
0.686136666667
0.14463
0.70307
0.14463
0.720003333333
0.14463
0.736936666667
0.14463
0.75387
0.14463
0.770803333333
0.14463
0.787736666667
0.14463
0.80467
0.14463
0.821603333333
0.14463
0.838536666667
0.14463
0.85547
0.14463
0.872403333333
0.14463
0.889336666667
0.14463
0.90627
0.14463
0.923203333333
0.14463
0.940136666667
0.14463
0.95707
0.14463
0.974003333333
0.14463
0.990936666667
0.14463
1.00787
0.161563333333
-0.00813
0.161563333333
0.00880333333333
0.161563333333
0.0257366666667
0.161563333333
0.04267
0.161563333333
0.0596033333333
0.161563333333
0.0765366666667
0.161563333333
0.09347
0.161563333333
0.110403333333
0.161563333333
0.127336666667
0.161563333333
0.14427
0.161563333333
0.161203333333
0.161563333333
0.178136666667
0.161563333333
0.19507
0.161563333333
0.212003333333
0.161563333333
0.228936666667
0.161563333333
0.24587
0.161563333333
0.262803333333
0.161563333333
0.279736666667
0.161563333333
0.29667
0.161563333333
0.313603333333
0.161563333333
0.330536666667
0.161563333333
0.34747
0.161563333333
0.364403333333
0.161563333333
0.381336666667
0.161755260679
0.398327578204
0.161786678148
0.415259169537
0.161812687045
0.432186537409
0.161833111299
0.449110466695
0.16184780726
0.466031780726
0.161856668516
0.482951333426
0.16185962963
0.49987
0.161856668516
0.516788666574
0.16184780726
0.533708219274
0.161833111299
0.550629533305
0.161812687045
0.567553462591
0.161786678148
0.584480830463
0.161755260679
0.601412421796
0.161563333333
0.618403333333
0.161563333333
0.635336666667
0.161563333333
0.65227
0.161563333333
0.669203333333
0.161563333333
0.686136666667
0.161563333333
0.70307
0.161563333333
0.720003333333
0.161563333333
0.736936666667
0.161563333333
0.75387
0.161563333333
0.770803333333
0.161563333333
0.787736666667
0.161563333333
0.80467
0.161563333333
0.821603333333
0.161563333333
0.838536666667
0.161563333333
0.85547
0.161563333333
0.872403333333
0.161563333333
0.889336666667
0.161563333333
0.90627
0.161563333333
0.923203333333
0.161563333333
0.940136666667
0.161563333333
0.95707
0.161563333333
0.974003333333
0.161563333333
0.990936666667
0.161563333333
1.00787
0.178496666667
-0.00813
0.178496666667
0.00880333333333
0.178496666667
0.0257366666667
0.178496666667
0.04267
0.178496666667
0.0596033333333
0.178496666667
0.0765366666667
0.178496666667
0.09347
0.178496666667
0.110403333333
0.178496666667
0.127336666667
0.178496666667
0.14427
0.178496666667
0.161203333333
0.178496666667
0.178136666667
0.178496666667
0.19507
0.178496666667
0.212003333333
0.178496666667
0.228936666667
0.178496666667
0.24587
0.178496666667
0.262803333333
0.178496666667
0.279736666667
0.178496666667
0.29667
0.178496666667
0.313603333333
0.178496666667
0.330536666667
0.178662876298
0.347548730878
0.17870884424
0.364492671259
0.178750173761
0.381430064017
0.178786608486
0.398361560574
0.17881790654
0.415287870142
0.178843847295
0.432209757325
0.178864238239
0.449128037617
0.178878921539
0.466043570688
0.178887779827
0.48295725157
0.178890740741
0.49987
0.178887779827
0.51678274843
0.178878921539
0.533696429312
0.178864238239
0.550611962383
0.178843847295
0.567530242675
0.17881790654
0.584452129858
0.178786608486
0.601378439426
0.178750173761
0.618309935983
0.17870884424
0.635247328741
0.178662876298
0.652191269122
0.178496666667
0.669203333333
0.178496666667
0.686136666667
0.178496666667
0.70307
0.178496666667
0.720003333333
0.178496666667
0.736936666667
0.178496666667
0.75387
0.178496666667
0.770803333333
0.178496666667
0.787736666667
0.178496666667
0.80467
0.178496666667
0.821603333333
0.178496666667
0.838536666667
0.178496666667
0.85547
0.178496666667
0.872403333333
0.178496666667
0.889336666667
0.178496666667
0.90627
0.178496666667
0.923203333333
0.178496666667
0.940136666667
0.178496666667
0.95707
0.178496666667
0.974003333333
0.178496666667
0.990936666667
0.178496666667
1.00787
0.19543
-0.00813
0.19543
0.00880333333333
0.19543
0.0257366666667
0.19543
0.04267
0.19543
0.0596033333333
0.19543
0.0765366666667
0.19543
0.09347
0.19543
0.110403333333
0.19543
0.127336666667
0.19543
0.14427
0.19543
0.161203333333
0.19543
0.178136666667
0.19543
0.19507
0.19543
0.212003333333
0.19543
0.228936666667
0.19543
0.24587
0.19543
0.262803333333
0.19543
0.279736666667
0.19543
0.29667
0.19543
0.313603333333
0.195633598903
0.330649777168
0.195683374742
0.347596687371
0.195728910336
0.364536182371
0.195769924489
0.381468859523
0.195806142297
0.398395380766
0.195837302219
0.415316472839
0.195863163849
0.4322329253
0.195975625584
0.449160937597
0.195999095206
0.466066566134
0.196013262912
0.482969070162
0.196018
0.49987
0.196013262912
0.516770929838
0.195999095206
0.533673433866
0.195975625584
0.550579062403
0.195863163849
0.5675070747
0.195837302219
0.584423527161
0.195806142297
0.601344619234
0.195769924489
0.618271140477
0.195728910336
0.635203817629
0.195683374742
0.652143312629
0.195633598903
0.669090222832
0.19543
0.686136666667
0.19543
0.70307
0.19543
0.720003333333
0.19543
0.736936666667
0.19543
0.75387
0.19543
0.770803333333
0.19543
0.787736666667
0.19543
0.80467
0.19543
0.821603333333
0.19543
0.838536666667
0.19543
0.85547
0.19543
0.872403333333
0.19543
0.889336666667
0.19543
0.90627
0.19543
0.923203333333
0.19543
0.940136666667
0.19543
0.95707
0.19543
0.974003333333
0.19543
0.990936666667
0.19543
1.00787
0.212363333333
-0.00813
0.212363333333
0.00880333333333
0.212363333333
0.0257366666667
0.212363333333
0.04267
0.212363333333
0.0596033333333
0.212363333333
0.0765366666667
0.212363333333
0.09347
0.212363333333
0.110403333333
0.212363333333
0.127336666667
0.212363333333
0.14427
0.212363333333
0.161203333333
0.212363333333
0.178136666667
0.212363333333
0.19507
0.212363333333
0.212003333333
0.212363333333
0.228936666667
0.212363333333
0.24587
0.212363333333
0.262803333333
0.212363333333
0.279736666667
0.212533720979
0.296790273632
0.21259015547
0.313750100598
0.212643082017
0.330701224716
0.212692213161
0.34764411285
0.212737253322
0.364579295681
0.212777904016
0.381507372242
0.21291419275
0.398464420971
0.212963791242
0.4153799386
0.213005021759
0.432287652179
0.213037512291
0.449188972757
0.213060954054
0.466085406359
0.213075115205
0.482978536189
0.213079851852
0.49987
0.213075115205
0.516761463811
0.213060954054
0.533654593641
0.213037512291
0.550551027243
0.213005021759
0.567452347821
0.212963791242
0.5843600614
0.21291419275
0.601275579029
0.212777904016
0.618232627758
0.212737253322
0.635160704319
0.212692213161
0.65209588715
0.212643082017
0.669038775284
0.21259015547
0.685989899402
0.212533720979
0.702949726368
0.212363333333
0.720003333333
0.212363333333
0.736936666667
0.212363333333
0.75387
0.212363333333
0.770803333333
0.212363333333
0.787736666667
0.212363333333
0.80467
0.212363333333
0.821603333333
0.212363333333
0.838536666667
0.212363333333
0.85547
0.212363333333
0.872403333333
0.212363333333
0.889336666667
0.212363333333
0.90627
0.212363333333
0.923203333333
0.212363333333
0.940136666667
0.212363333333
0.95707
0.212363333333
0.974003333333
0.212363333333
0.990936666667
0.212363333333
1.00787
0.229296666667
-0.00813
0.229296666667
0.00880333333333
0.229296666667
0.0257366666667
0.229296666667
0.04267
0.229296666667
0.0596033333333
0.229296666667
0.0765366666667
0.229296666667
0.09347
0.229296666667
0.110403333333
0.229296666667
0.127336666667
0.229296666667
0.14427
0.229296666667
0.161203333333
0.229296666667
0.178136666667
0.229296666667
0.19507
0.229296666667
0.212003333333
0.229296666667
0.228936666667
0.229296666667
0.24587
0.229296666667
0.262803333333
0.229475342518
0.279881840796
0.229533703704
0.296847777778
0.229589029301
0.313804332645
0.229641037652
0.330751898532
0.229689431372
0.347690930147
0.229836241649
0.364673120824
0.229900608714
0.381600891313
0.229957685975
0.398517882241
0.230122140461
0.415461293894
0.230183724302
0.432358431075
0.230232330602
0.449245436988
0.230267443585
0.466124680448
0.230288673598
0.4829986671
0.230295777778
0.49987
0.230288673598
0.5167413329
0.230267443585
0.533615319552
0.230232330602
0.550494563012
0.230183724302
0.567381568925
0.230122140461
0.584278706106
0.229957685975
0.601222117759
0.229900608714
0.618139108687
0.229836241649
0.635066879176
0.229689431372
0.652049069853
0.229641037652
0.668988101468
0.229589029301
0.685935667355
0.229533703704
0.702892222222
0.229475342518
0.719858159204
0.229296666667
0.736936666667
0.229296666667
0.75387
0.229296666667
0.770803333333
0.229296666667
0.787736666667
0.229296666667
0.80467
0.229296666667
0.821603333333
0.229296666667
0.838536666667
0.229296666667
0.85547
0.229296666667
0.872403333333
0.229296666667
0.889336666667
0.229296666667
0.90627
0.229296666667
0.923203333333
0.229296666667
0.940136666667
0.229296666667
0.95707
0.229296666667
0.974003333333
0.229296666667
0.990936666667
0.229296666667
1.00787
0.24623
-0.00813
0.24623
0.00880333333333
0.24623
0.0257366666667
0.24623
0.04267
0.24623
0.0596033333333
0.24623
0.0765366666667
0.24623
0.09347
0.24623
0.110403333333
0.24623
0.127336666667
0.24623
0.14427
0.24623
0.161203333333
0.24623
0.178136666667
0.24623
0.19507
0.24623
0.212003333333
0.24623
0.228936666667
0.24623
0.24587
0.246406152486
0.262967742321
0.246465605934
0.279940858476
0.246522500203
0.296904000163
0.24657657109
0.313857485466
0.246716052426
0.330860701618
0.246792127192
0.347807276315
0.246862222222
0.364740518519
0.24704870499
0.381718728996
0.247133494523
0.398631397809
0.247206903829
0.415528967943
0.247268176065
0.432413513617
0.24698
0.44922
0.24698
0.466103333333
0.24698
0.482986666667
0.24698
0.49987
0.24698
0.516753333333
0.24698
0.533636666667
0.24698
0.55052
0.247268176065
0.567326486383
0.247206903829
0.584211032057
0.247133494523
0.601108602191
0.24704870499
0.618021271004
0.246862222222
0.634999481481
0.246792127192
0.651932723685
0.246716052426
0.668879298382
0.24657657109
0.685882514534
0.246522500203
0.702835999837
0.246465605934
0.719799141524
0.246406152486
0.736772257679
0.24623
0.75387
0.24623
0.770803333333
0.24623
0.787736666667
0.24623
0.80467
0.24623
0.821603333333
0.24623
0.838536666667
0.24623
0.85547
0.24623
0.872403333333
0.24623
0.889336666667
0.24623
0.90627
0.24623
0.923203333333
0.24623
0.940136666667
0.24623
0.95707
0.24623
0.974003333333
0.24623
0.990936666667
0.24623
1.00787
0.263163333333
-0.00813
0.263163333333
0.00880333333333
0.263163333333
0.0257366666667
0.263163333333
0.04267
0.263163333333
0.0596033333333
0.263163333333
0.0765366666667
0.263163333333
0.09347
0.263163333333
0.110403333333
0.263163333333
0.127336666667
0.263163333333
0.14427
0.263163333333
0.161203333333
0.263163333333
0.178136666667
0.263163333333
0.19507
0.263163333333
0.212003333333
0.263163333333
0.228936666667
0.263327742321
0.246046152486
0.263387417136
0.263027417136
0.263444994818
0.279998209474
0.263500238549
0.296958775899
0.263646618303
0.313983057238
0.263726241944
0.330938744246
0.263909463997
0.347949655427
0.264012763137
0.364888721792
0.264106751477
0.381808375738
0.263863333333
0.39857
0.263863333333
0.415453333333
0.263863333333
0.432336666667
0.263863333333
0.44922
0.263863333333
0.466103333333
0.264124897182
0.483005349799
0.264131407407
0.49987
0.264124897182
0.516734650201
0.263863333333
0.533636666667
0.263863333333
0.55052
0.263863333333
0.567403333333
0.263863333333
0.584286666667
0.263863333333
0.60117
0.264106751477
0.617931624262
0.264012763137
0.634851278208
0.263909463997
0.651790344573
0.263726241944
0.668801255754
0.263646618303
0.685756942762
0.263500238549
0.702781224101
0.263444994818
0.719741790526
0.263387417136
0.736712582864
0.263327742321
0.753693847514
0.263163333333
0.770803333333
0.263163333333
0.787736666667
0.263163333333
0.80467
0.263163333333
0.821603333333
0.263163333333
0.838536666667
0.263163333333
0.85547
0.263163333333
0.872403333333
0.263163333333
0.889336666667
0.263163333333
0.90627
0.263163333333
0.923203333333
0.263163333333
0.940136666667
0.263163333333
0.95707
0.263163333333
0.974003333333
0.263163333333
0.990936666667
0.263163333333
1.00787
0.280096666667
-0.00813
0.280096666667
0.00880333333333
0.280096666667
0.0257366666667
0.280096666667
0.04267
0.280096666667
0.0596033333333
0.280096666667
0.0765366666667
0.280096666667
0.09347
0.280096666667
0.110403333333
0.280096666667
0.127336666667
0.280096666667
0.14427
0.280096666667
0.161203333333
0.280096666667
0.178136666667
0.280096666667
0.19507
0.280096666667
0.212003333333
0.280241840796
0.229115342518
0.280300858476
0.246105605934
0.280358209474
0.263084994818
0.280413691306
0.280053691306
0.280559321096
0.297097065627
0.280640970451
0.314063898074
0.280834263423
0.331104048787
0.280943316652
0.348056142297
0.280746666667
0.364803333333
0.280746666667
0.381686666667
0.280746666667
0.39857
0.281007729453
0.415553742097
0.281063135961
0.432434041834
0.281107168342
0.449303192694
0.281139152485
0.466163715767
0.28115856517
0.483018351167
0.281165074074
0.49987
0.28115856517
0.516721648833
0.281139152485
0.533576284233
0.281107168342
0.550436807306
0.281063135961
0.567305958166
0.281007729453
0.584186257903
0.280746666667
0.60117
0.280746666667
0.618053333333
0.280746666667
0.634936666667
0.280943316652
0.651683857703
0.280834263423
0.668635951213
0.280640970451
0.685676101926
0.280559321096
0.702642934373
0.280413691306
0.719686308694
0.280358209474
0.736655005182
0.280300858476
0.753634394066
0.280241840796
0.770624657482
0.280096666667
0.787736666667
0.280096666667
0.80467
0.280096666667
0.821603333333
0.280096666667
0.838536666667
0.280096666667
0.85547
0.280096666667
0.872403333333
0.280096666667
0.889336666667
0.280096666667
0.90627
0.280096666667
0.923203333333
0.280096666667
0.940136666667
0.280096666667
0.95707
0.280096666667
0.974003333333
0.280096666667
0.990936666667
0.280096666667
1.00787
0.29703
-0.00813
0.29703
0.00880333333333
0.29703
0.0257366666667
0.29703
0.04267
0.29703
0.0596033333333
0.29703
0.0765366666667
0.29703
0.09347
0.29703
0.110403333333
0.29703
0.127336666667
0.29703
0.14427
0.29703
0.161203333333
0.29703
0.178136666667
0.29703
0.19507
0.297150273632
0.212173720979
0.297207777778
0.229173703704
0.297264000163
0.246162500203
0.297318775899
0.263140238549
0.297457065627
0.280199321096
0.297539127083
0.297179127083
0.297731747952
0.314246602289
0.297844101444
0.331215084537
0.29763
0.34792
0.29763
0.364803333333
0.297876604318
0.381830519186
0.297951077525
0.398730538763
0.298016222222
0.415614259259
0.298051015376
0.432477005125
0.298090808266
0.449335202067
0.298119791991
0.466184965332
0.29813741766
0.483028951472
0.298143333333
0.49987
0.29813741766
0.516711048528
0.298119791991
0.533555034668
0.298090808266
0.550404797933
0.298051015376
0.567262994875
0.298016222222
0.584125740741
0.297951077525
0.601009461237
0.297876604318
0.617909480814
0.29763
0.634936666667
0.29763
0.65182
0.297844101444
0.668524915463
0.297731747952
0.685493397711
0.297539127083
0.702560872917
0.297457065627
0.719540678904
0.297318775899
0.736599761451
0.297264000163
0.753577499797
0.297207777778
0.770566296296
0.297150273632
0.787566279021
0.29703
0.80467
0.29703
0.821603333333
0.29703
0.838536666667
0.29703
0.85547
0.29703
0.872403333333
0.29703
0.889336666667
0.29703
0.90627
0.29703
0.923203333333
0.29703
0.940136666667
0.29703
0.95707
0.29703
0.974003333333
0.29703
0.990936666667
0.29703
1.00787
0.313963333333
-0.00813
0.313963333333
0.00880333333333
0.313963333333
0.0257366666667
0.313963333333
0.04267
0.313963333333
0.0596033333333
0.313963333333
0.0765366666667
0.313963333333
0.09347
0.313963333333
0.110403333333
0.313963333333
0.127336666667
0.313963333333
0.14427
0.313963333333
0.161203333333
0.313963333333
0.178136666667
0.313963333333
0.19507
0.314110100598
0.21223015547
0.314164332645
0.229229029301
0.314217485466
0.24621657109
0.314343057238
0.263286618303
0.314423898074
0.280280970451
0.314606602289
0.297371747952
0.314719628927
0.314359628927
0.314513333333
0.331036666667
0.314513333333
0.34792
0.314781115044
0.364998083668
0.314861862836
0.381908458168
0.314914797275
0.398788980332
0.314973062155
0.415662300979
0.315022387271
0.432521777189
0.315061882409
0.449369604293
0.314936816323
0.466180330241
0.314940335772
0.48302548507
0.314941518519
0.49987
0.314940335772
0.51671451493
0.314936816323
0.533559669759
0.315061882409
0.550370395707
0.315022387271
0.567218222811
0.314973062155
0.584077699021
0.314914797275
0.600951019668
0.314861862836
0.617831541832
0.314781115044
0.634741916332
0.314513333333
0.65182
0.314513333333
0.668703333333
0.314719628927
0.685380371073
0.314606602289
0.702368252048
0.314423898074
0.719459029549
0.314343057238
0.736453381697
0.314217485466
0.75352342891
0.314164332645
0.770510970699
0.314110100598
0.78750984453
0.313963333333
0.80467
0.313963333333
0.821603333333
0.313963333333
0.838536666667
0.313963333333
0.85547
0.313963333333
0.872403333333
0.313963333333
0.889336666667
0.313963333333
0.90627
0.313963333333
0.923203333333
0.313963333333
0.940136666667
0.313963333333
0.95707
0.313963333333
0.974003333333
0.313963333333
0.990936666667
0.313963333333
1.00787
0.330896666667
-0.00813
0.330896666667
0.00880333333333
0.330896666667
0.0257366666667
0.330896666667
0.04267
0.330896666667
0.0596033333333
0.330896666667
0.0765366666667
0.330896666667
0.09347
0.330896666667
0.110403333333
0.330896666667
0.127336666667
0.330896666667
0.14427
0.330896666667
0.161203333333
0.330896666667
0.178136666667
0.331009777168
0.195273598903
0.331061224716
0.212283082017
0.331111898532
0.229281037652
0.331220701618
0.246356052426
0.331298744246
0.263366241944
0.331464048787
0.280474263423
0.331575084537
0.297484101444
0.331396666667
0.314153333333
0.331396666667
0.331036666667
0.331659379383
0.348156441445
0.331743777977
0.365081022381
0.331799963779
0.381968974645
0.331864515106
0.398850709064
0.331781651203
0.415645825601
0.331791369965
0.432494547986
0.331799192735
0.44934075782
0.331804935371
0.466184987074
0.331808447393
0.483027844739
0.33180962963
0.49987
0.331808447393
0.516712155261
0.331804935371
0.533555012926
0.331799192735
0.55039924218
0.331791369965
0.567245452014
0.331781651203
0.584094174399
0.331864515106
0.600889290936
0.331799963779
0.617771025355
0.331743777977
0.634658977619
0.331659379383
0.651583558555
0.331396666667
0.668703333333
0.331396666667
0.685586666667
0.331575084537
0.702255898556
0.331464048787
0.719265736577
0.331298744246
0.736373758056
0.331220701618
0.753383947574
0.331111898532
0.770458962348
0.331061224716
0.787456917983
0.331009777168
0.804466401097
0.330896666667
0.821603333333
0.330896666667
0.838536666667
0.330896666667
0.85547
0.330896666667
0.872403333333
0.330896666667
0.889336666667
0.330896666667
0.90627
0.330896666667
0.923203333333
0.330896666667
0.940136666667
0.330896666667
0.95707
0.330896666667
0.974003333333
0.330896666667
0.990936666667
0.330896666667
1.00787
0.34783
-0.00813
0.34783
0.00880333333333
0.34783
0.0257366666667
0.34783
0.04267
0.34783
0.0596033333333
0.34783
0.0765366666667
0.34783
0.09347
0.34783
0.110403333333
0.34783
0.127336666667
0.34783
0.14427
0.34783
0.161203333333
0.347908730878
0.178302876298
0.347956687371
0.195323374742
0.34800411285
0.212332213161
0.348050930147
0.229329431372
0.348167276315
0.246432127192
0.348309655427
0.263549463997
0.348416142297
0.280583316652
0.34828
0.29727
0.34828
0.314153333333
0.348516441445
0.331299379383
0.348601590478
0.348241590478
0.348660563245
0.365141611773
0.34872881288
0.382035743351
0.348634244718
0.398806163146
0.34864535989
0.41565631105
0.348654891034
0.432503284904
0.348756649804
0.449378883268
0.348776607347
0.466213690522
0.348788864576
0.483043207175
0.348793
0.49987
0.348788864576
0.516696792825
0.348776607347
0.533526309478
0.348756649804
0.550361116732
0.348654891034
0.567236715096
0.34864535989
0.58408368895
0.348634244718
0.600933836854
0.34872881288
0.617704256649
0.348660563245
0.634598388227
0.348601590478
0.651498409522
0.348516441445
0.668440620617
0.34828
0.685586666667
0.34828
0.70247
0.348416142297
0.719156683348
0.348309655427
0.736190536003
0.348167276315
0.753307872808
0.348050930147
0.770410568628
0.34800411285
0.787407786839
0.347956687371
0.804416625258
0.347908730878
0.821437123702
0.34783
0.838536666667
0.34783
0.85547
0.34783
0.872403333333
0.34783
0.889336666667
0.34783
0.90627
0.34783
0.923203333333
0.34783
0.940136666667
0.34783
0.95707
0.34783
0.974003333333
0.34783
0.990936666667
0.34783
1.00787
0.364763333333
-0.00813
0.364763333333
0.00880333333333
0.364763333333
0.0257366666667
0.364763333333
0.04267
0.364763333333
0.0596033333333
0.364763333333
0.0765366666667
0.364763333333
0.09347
0.364763333333
0.110403333333
0.364763333333
0.127336666667
0.364763333333
0.14427
0.364763333333
0.161203333333
0.364852671259
0.17834884424
0.364896182371
0.195368910336
0.364939295681
0.212377253322
0.365033120824
0.229476241649
0.365100518519
0.246502222222
0.365248721792
0.263652763137
0.365163333333
0.280386666667
0.365163333333
0.29727
0.365358083668
0.314421115044
0.365441022381
0.331383777977
0.365501611773
0.348300563245
0.365570626157
0.365210626157
0.365481754272
0.381965284988
0.365493703704
0.398817777778
0.365590529845
0.415720331153
0.365623032027
0.432566516014
0.365649597974
0.44940234924
0.365396715959
0.46616167899
0.36537753029
0.483013441286
0.365371037037
0.49987
0.36537753029
0.516726558714
0.365396715959
0.53357832101
0.365649597974
0.55033765076
0.365623032027
0.567173483986
0.365590529845
0.584019668847
0.365493703704
0.600922222222
0.365481754272
0.617774715012
0.365570626157
0.634529373843
0.365501611773
0.651439436755
0.365441022381
0.668356222023
0.365358083668
0.685318884956
0.365163333333
0.70247
0.365163333333
0.719353333333
0.365248721792
0.736087236863
0.365100518519
0.753237777778
0.365033120824
0.770263758351
0.364939295681
0.787362746678
0.364896182371
0.804371089664
0.364852671259
0.82139115576
0.364763333333
0.838536666667
0.364763333333
0.85547
0.364763333333
0.872403333333
0.364763333333
0.889336666667
0.364763333333
0.90627
0.364763333333
0.923203333333
0.364763333333
0.940136666667
0.364763333333
0.95707
0.364763333333
0.974003333333
0.364763333333
0.990936666667
0.364763333333
1.00787
0.381696666667
-0.00813
0.381696666667
0.00880333333333
0.381696666667
0.0257366666667
0.381696666667
0.04267
0.381696666667
0.0596033333333
0.381696666667
0.0765366666667
0.381696666667
0.09347
0.381696666667
0.110403333333
0.381696666667
0.127336666667
0.381696666667
0.14427
0.381696666667
0.161203333333
0.381790064017
0.178390173761
0.381828859523
0.195409924489
0.381867372242
0.212417904016
0.381960891313
0.229540608714
0.382078728996
0.24668870499
0.382168375738
0.263746751477
0.382046666667
0.280386666667
0.382190519186
0.297516604318
0.382268458168
0.314501862836
0.382328974645
0.331439963779
0.382395743351
0.34836881288
0.382325284988
0.365121754272
0.38233740838
0.38197740838
0.382432916826
0.398901071565
0.382468761259
0.41575482947
0.382234089003
0.432443765145
0.382193343146
0.449282861348
0.382162710769
0.466136488791
0.382143633744
0.483000519106
0.382435296296
0.49987
0.382143633744
0.516739480894
0.382162710769
0.533603511209
0.382193343146
0.550457138652
0.382234089003
0.567296234855
0.382468761259
0.58398517053
0.382432916826
0.600838928435
0.38233740838
0.61776259162
0.382325284988
0.634618245728
0.382395743351
0.65137118712
0.382328974645
0.668300036221
0.382268458168
0.685238137164
0.382190519186
0.702223395682
0.382046666667
0.719353333333
0.382168375738
0.735993248523
0.382078728996
0.75305129501
0.381960891313
0.770199391286
0.381867372242
0.787322095984
0.381828859523
0.804330075511
0.381790064017
0.821349826239
0.381696666667
0.838536666667
0.381696666667
0.85547
0.381696666667
0.872403333333
0.381696666667
0.889336666667
0.381696666667
0.90627
0.381696666667
0.923203333333
0.381696666667
0.940136666667
0.381696666667
0.95707
0.381696666667
0.974003333333
0.381696666667
0.990936666667
0.381696666667
1.00787
0.39863
-0.00813
0.39863
0.00880333333333
0.39863
0.0257366666667
0.39863
0.04267
0.39863
0.0596033333333
0.39863
0.0765366666667
0.39863
0.09347
0.39863
0.110403333333
0.39863
0.127336666667
0.39863
0.14427
0.398687578204
0.161395260679
0.398721560574
0.178426608486
0.398755380766
0.195446142297
0.398824420971
0.21255419275
0.398877882241
0.229597685975
0.398991397809
0.246773494523
0.39893
0.263503333333
0.39893
0.280386666667
0.399090538763
0.297591077525
0.399148980332
0.314554797275
0.399210709064
0.331504515106
0.399166163146
0.348274244718
0.399177777778
0.365133703704
0.399261071565
0.382072916826
0.399297621549
0.398937621549
0.399070935086
0.415570779238
0.399024068466
0.432399378977
0.399292161031
0.449401080515
0.399330355381
0.466236785127
0.399354427197
0.483057404533
0.399362666667
0.49987
0.399354427197
0.516682595467
0.399330355381
0.533503214873
0.399292161031
0.550338919485
0.399024068466
0.567340621023
0.399070935086
0.584169220762
0.399297621549
0.600802378451
0.399261071565
0.617667083174
0.399177777778
0.634606296296
0.399166163146
0.651465755282
0.399210709064
0.668235484894
0.399148980332
0.685185202725
0.399090538763
0.702148922475
0.39893
0.719353333333
0.39893
0.736236666667
0.398991397809
0.752966505477
0.398877882241
0.770142314025
0.398824420971
0.78718580725
0.398755380766
0.804293857703
0.398721560574
0.821313391514
0.398687578204
0.838344739321
0.39863
0.85547
0.39863
0.872403333333
0.39863
0.889336666667
0.39863
0.90627
0.39863
0.923203333333
0.39863
0.940136666667
0.39863
0.95707
0.39863
0.974003333333
0.39863
0.990936666667
0.39863
1.00787
0.415563333333
-0.00813
0.415563333333
0.00880333333333
0.415563333333
0.0257366666667
0.415563333333
0.04267
0.415563333333
0.0596033333333
0.415563333333
0.0765366666667
0.415563333333
0.09347
0.415563333333
0.110403333333
0.415563333333
0.127336666667
0.415563333333
0.14427
0.415619169537
0.161426678148
0.415647870142
0.17845790654
0.415676472839
0.195477302219
0.4157399386
0.212603791242
0.415821293894
0.229762140461
0.415888967943
0.246846903829
0.415813333333
0.263503333333
0.415913742097
0.280647729453
0.415974259259
0.297656222222
0.416022300979
0.314613062155
0.416005825601
0.331421651203
0.41601631105
0.34828535989
0.416080331153
0.365230529845
0.41611482947
0.382108761259
0.415930779238
0.398710935086
0.415882595531
0.415522595531
0.416140444508
0.432598355606
0.416187913621
0.449444748172
0.416185879123
0.466252351649
0.416202835881
0.483064567176
0.416208703704
0.49987
0.416202835881
0.516675432824
0.416185879123
0.533487648351
0.416187913621
0.550295251828
0.416140444508
0.567141644394
0.415882595531
0.584217404469
0.415930779238
0.601029064914
0.41611482947
0.617631238741
0.416080331153
0.634509470155
0.41601631105
0.65145464011
0.416005825601
0.668318348797
0.416022300979
0.685126937845
0.415974259259
0.702083777778
0.415913742097
0.719092270547
0.415813333333
0.736236666667
0.415888967943
0.752893096171
0.415821293894
0.769977859539
0.4157399386
0.787136208758
0.415676472839
0.804262697781
0.415647870142
0.82128209346
0.415619169537
0.838313321852
0.415563333333
0.85547
0.415563333333
0.872403333333
0.415563333333
0.889336666667
0.415563333333
0.90627
0.415563333333
0.923203333333
0.415563333333
0.940136666667
0.415563333333
0.95707
0.415563333333
0.974003333333
0.415563333333
0.990936666667
0.415563333333
1.00787
0.432496666667
-0.00813
0.432496666667
0.00880333333333
0.432496666667
0.0257366666667
0.432496666667
0.04267
0.432496666667
0.0596033333333
0.432496666667
0.0765366666667
0.432496666667
0.09347
0.432496666667
0.110403333333
0.432496666667
0.127336666667
0.432496666667
0.14427
0.432546537409
0.161452687045
0.432569757325
0.178483847295
0.4325929253
0.195503163849
0.432647652179
0.212645021759
0.432718431075
0.229823724302
0.432773513617
0.246908176065
0.432696666667
0.263503333333
0.432794041834
0.280703135961
0.432837005125
0.297691015376
0.432881777189
0.314662387271
0.432854547986
0.331431369965
0.432863284904
0.348294891034
0.432926516014
0.365263032027
0.432803765145
0.381874089003
0.432759378977
0.398664068466
0.432958355606
0.415780444508
0.433007885822
0.432647885822
0.433012962963
0.449457222222
0.433037987629
0.466273993814
0.432919252507
0.483042313127
0.432914
0.49987
0.432919252507
0.516697686873
0.433037987629
0.533466006186
0.433012962963
0.550282777778
0.433007885822
0.567092114178
0.432958355606
0.583959555492
0.432759378977
0.601075931534
0.432803765145
0.617865910997
0.432926516014
0.634476967973
0.432863284904
0.651445108966
0.432854547986
0.668308630035
0.432881777189
0.685077612729
0.432837005125
0.702048984624
0.432794041834
0.719036864039
0.432696666667
0.736236666667
0.432773513617
0.752831823935
0.432718431075
0.769916275698
0.432647652179
0.787094978241
0.4325929253
0.804236836151
0.432569757325
0.821256152705
0.432546537409
0.838287312955
0.432496666667
0.85547
0.432496666667
0.872403333333
0.432496666667
0.889336666667
0.432496666667
0.90627
0.432496666667
0.923203333333
0.432496666667
0.940136666667
0.432496666667
0.95707
0.432496666667
0.974003333333
0.432496666667
0.990936666667
0.432496666667
1.00787
0.44943
-0.00813
0.44943
0.00880333333333
0.44943
0.0257366666667
0.44943
0.04267
0.44943
0.0596033333333
0.44943
0.0765366666667
0.44943
0.09347
0.44943
0.110403333333
0.44943
0.127336666667
0.44943
0.14427
0.449470466695
0.161473111299
0.449488037617
0.178504238239
0.449520937597
0.195615625584
0.449548972757
0.212677512291
0.449605436988
0.229872330602
0.44958
0.24662
0.44958
0.263503333333
0.449663192694
0.280747168342
0.449695202067
0.297730808266
0.449729604293
0.314701882409
0.44970075782
0.331439192735
0.449738883268
0.348396649804
0.44976234924
0.365289597974
0.449642861348
0.381833343146
0.449761080515
0.398932161031
0.449804748172
0.415827913621
0.449817222222
0.432652962963
0.449844150553
0.449484150553
0.449730377641
0.466203585094
0.449716192885
0.483032064295
0.449711
0.49987
0.449716192885
0.516707935705
0.449730377641
0.533536414906
0.449844150553
0.550255849447
0.449817222222
0.567087037037
0.449804748172
0.583912086379
0.449761080515
0.600807838969
0.449642861348
0.617906656854
0.44976234924
0.634450402026
0.449738883268
0.651343350196
0.44970075782
0.668300807265
0.449729604293
0.685038117591
0.449695202067
0.702009191734
0.449663192694
0.718992831658
0.44958
0.736236666667
0.44958
0.75312
0.449605436988
0.769867669398
0.449548972757
0.787062487709
0.449520937597
0.804124374416
0.449488037617
0.821235761761
0.449470466695
0.838266888701
0.44943
0.85547
0.44943
0.872403333333
0.44943
0.889336666667
0.44943
0.90627
0.44943
0.923203333333
0.44943
0.940136666667
0.44943
0.95707
0.44943
0.974003333333
0.44943
0.990936666667
0.44943
1.00787
0.466363333333
-0.00813
0.466363333333
0.00880333333333
0.466363333333
0.0257366666667
0.466363333333
0.04267
0.466363333333
0.0596033333333
0.466363333333
0.0765366666667
0.466363333333
0.09347
0.466363333333
0.110403333333
0.466363333333
0.127336666667
0.466363333333
0.14427
0.466391780726
0.16148780726
0.466403570688
0.178518921539
0.466426566134
0.195639095206
0.466445406359
0.212700954054
0.466484680448
0.229907443585
0.466463333333
0.24662
0.466463333333
0.263503333333
0.466523715767
0.280779152485
0.466544965332
0.297759791991
0.466540330241
0.314576816323
0.466544987074
0.331444935371
0.466573690522
0.348416607347
0.46652167899
0.365036715959
0.466496488791
0.381802710769
0.466596785127
0.398970355381
0.466612351649
0.415825879123
0.466633993814
0.432677987629
0.466563585094
0.449370377641
0.466547006445
0.466187006445
0.466778753368
0.483144376684
0.466802814815
0.49987
0.466778753368
0.516595623316
0.466547006445
0.533552993555
0.466563585094
0.550369622359
0.466633993814
0.567062012371
0.466612351649
0.583914120877
0.466596785127
0.600769644619
0.466496488791
0.617937289231
0.46652167899
0.634703284041
0.466573690522
0.651323392653
0.466544987074
0.668295064629
0.466540330241
0.685163183677
0.466544965332
0.701980208009
0.466523715767
0.718960847515
0.466463333333
0.736236666667
0.466463333333
0.75312
0.466484680448
0.769832556415
0.466445406359
0.787039045946
0.466426566134
0.804100904794
0.466403570688
0.821221078461
0.466391780726
0.83825219274
0.466363333333
0.85547
0.466363333333
0.872403333333
0.466363333333
0.889336666667
0.466363333333
0.90627
0.466363333333
0.923203333333
0.466363333333
0.940136666667
0.466363333333
0.95707
0.466363333333
0.974003333333
0.466363333333
0.990936666667
0.466363333333
1.00787
0.483296666667
-0.00813
0.483296666667
0.00880333333333
0.483296666667
0.0257366666667
0.483296666667
0.04267
0.483296666667
0.0596033333333
0.483296666667
0.0765366666667
0.483296666667
0.09347
0.483296666667
0.110403333333
0.483296666667
0.127336666667
0.483305414542
0.144453705381
0.483311333426
0.161496668516
0.48331725157
0.178527779827
0.483329070162
0.195653262912
0.483338536189
0.212715115205
0.4833586671
0.229928673598
0.483346666667
0.24662
0.483365349799
0.263764897182
0.483378351167
0.28079856517
0.483388951472
0.29777741766
0.48338548507
0.314580335772
0.483387844739
0.331448447393
0.483403207175
0.348428864576
0.483373441286
0.36501753029
0.483360519106
0.381783633744
0.483417404533
0.398994427197
0.483424567176
0.415842835881
0.483402313127
0.432559252507
0.483392064295
0.449356192885
0.483504376684
0.466418753368
0.48354626082
0.48318626082
0.483475
0.49987
0.48354626082
0.51655373918
0.483504376684
0.533321246632
0.483392064295
0.550383807115
0.483402313127
0.567180747493
0.483424567176
0.583897164119
0.483417404533
0.600745572803
0.483360519106
0.617956366256
0.483373441286
0.63472246971
0.483403207175
0.651311135424
0.483387844739
0.668291552607
0.48338548507
0.685159664228
0.483388951472
0.70196258234
0.483378351167
0.71894143483
0.483365349799
0.735975102818
0.483346666667
0.75312
0.4833586671
0.769811326402
0.483338536189
0.787024884795
0.483329070162
0.804086737088
0.48331725157
0.821212220173
0.483311333426
0.838243331484
0.483305414542
0.855286294619
0.483296666667
0.872403333333
0.483296666667
0.889336666667
0.483296666667
0.90627
0.483296666667
0.923203333333
0.483296666667
0.940136666667
0.483296666667
0.95707
0.483296666667
0.974003333333
0.483296666667
0.990936666667
0.483296666667
1.00787
0.50023
-0.00813
0.50023
0.00880333333333
0.50023
0.0257366666667
0.50023
0.04267
0.50023
0.0596033333333
0.50023
0.0765366666667
0.50023
0.09347
0.50023
0.110403333333
0.50023
0.127336666667
0.50023
0.144456666667
0.50023
0.16149962963
0.50023
0.178530740741
0.50023
0.195658
0.50023
0.212719851852
0.50023
0.229935777778
0.50023
0.24662
0.50023
0.263771407407
0.50023
0.280805074074
0.50023
0.297783333333
0.50023
0.314581518519
0.50023
0.33144962963
0.50023
0.348433
0.50023
0.365011037037
0.50023
0.382075296296
0.50023
0.399002666667
0.50023
0.415848703704
0.50023
0.432554
0.50023
0.449351
0.50023
0.466442814815
0.50023
0.483115
0.50023
0.49987
0.50023
0.516625
0.50023
0.533297185185
0.50023
0.550389
0.50023
0.567186
0.50023
0.583891296296
0.50023
0.600737333333
0.50023
0.617664703704
0.50023
0.634728962963
0.50023
0.651307
0.50023
0.66829037037
0.50023
0.685158481481
0.50023
0.701956666667
0.50023
0.718934925926
0.50023
0.735968592593
0.50023
0.75312
0.50023
0.769804222222
0.50023
0.787020148148
0.50023
0.804082
0.50023
0.821209259259
0.50023
0.83824037037
0.50023
0.855283333333
0.50023
0.872403333333
0.50023
0.889336666667
0.50023
0.90627
0.50023
0.923203333333
0.50023
0.940136666667
0.50023
0.95707
0.50023
0.974003333333
0.50023
0.990936666667
0.50023
1.00787
0.517163333333
-0.00813
0.517163333333
0.00880333333333
0.517163333333
0.0257366666667
0.517163333333
0.04267
0.517163333333
0.0596033333333
0.517163333333
0.0765366666667
0.517163333333
0.09347
0.517163333333
0.110403333333
0.517163333333
0.127336666667
0.517154585458
0.144453705381
0.517148666574
0.161496668516
0.51714274843
0.178527779827
0.517130929838
0.195653262912
0.517121463811
0.212715115205
0.5171013329
0.229928673598
0.517113333333
0.24662
0.517094650201
0.263764897182
0.517081648833
0.28079856517
0.517071048528
0.29777741766
0.51707451493
0.314580335772
0.517072155261
0.331448447393
0.517056792825
0.348428864576
0.517086558714
0.36501753029
0.517099480894
0.381783633744
0.517042595467
0.398994427197
0.517035432824
0.415842835881
0.517057686873
0.432559252507
0.517067935705
0.449356192885
0.516955623316
0.466418753368
0.51691373918
0.48318626082
0.516985
0.49987
0.51691373918
0.51655373918
0.516955623316
0.533321246632
0.517067935705
0.550383807115
0.517057686873
0.567180747493
0.517035432824
0.583897164119
0.517042595467
0.600745572803
0.517099480894
0.617956366256
0.517086558714
0.63472246971
0.517056792825
0.651311135424
0.517072155261
0.668291552607
0.51707451493
0.685159664228
0.517071048528
0.70196258234
0.517081648833
0.71894143483
0.517094650201
0.735975102818
0.517113333333
0.75312
0.5171013329
0.769811326402
0.517121463811
0.787024884795
0.517130929838
0.804086737088
0.51714274843
0.821212220173
0.517148666574
0.838243331484
0.517154585458
0.855286294619
0.517163333333
0.872403333333
0.517163333333
0.889336666667
0.517163333333
0.90627
0.517163333333
0.923203333333
0.517163333333
0.940136666667
0.517163333333
0.95707
0.517163333333
0.974003333333
0.517163333333
0.990936666667
0.517163333333
1.00787
0.534096666667
-0.00813
0.534096666667
0.00880333333333
0.534096666667
0.0257366666667
0.534096666667
0.04267
0.534096666667
0.0596033333333
0.534096666667
0.0765366666667
0.534096666667
0.09347
0.534096666667
0.110403333333
0.534096666667
0.127336666667
0.534096666667
0.14427
0.534068219274
0.16148780726
0.534056429312
0.178518921539
0.534033433866
0.195639095206
0.534014593641
0.212700954054
0.533975319552
0.229907443585
0.533996666667
0.24662
0.533996666667
0.263503333333
0.533936284233
0.280779152485
0.533915034668
0.297759791991
0.533919669759
0.314576816323
0.533915012926
0.331444935371
0.533886309478
0.348416607347
0.53393832101
0.365036715959
0.533963511209
0.381802710769
0.533863214873
0.398970355381
0.533847648351
0.415825879123
0.533826006186
0.432677987629
0.533896414906
0.449370377641
0.533912993555
0.466187006445
0.533681246632
0.483144376684
0.533657185185
0.49987
0.533681246632
0.516595623316
0.533912993555
0.533552993555
0.533896414906
0.550369622359
0.533826006186
0.567062012371
0.533847648351
0.583914120877
0.533863214873
0.600769644619
0.533963511209
0.617937289231
0.53393832101
0.634703284041
0.533886309478
0.651323392653
0.533915012926
0.668295064629
0.533919669759
0.685163183677
0.533915034668
0.701980208009
0.533936284233
0.718960847515
0.533996666667
0.736236666667
0.533996666667
0.75312
0.533975319552
0.769832556415
0.534014593641
0.787039045946
0.534033433866
0.804100904794
0.534056429312
0.821221078461
0.534068219274
0.83825219274
0.534096666667
0.85547
0.534096666667
0.872403333333
0.534096666667
0.889336666667
0.534096666667
0.90627
0.534096666667
0.923203333333
0.534096666667
0.940136666667
0.534096666667
0.95707
0.534096666667
0.974003333333
0.534096666667
0.990936666667
0.534096666667
1.00787
0.55103
-0.00813
0.55103
0.00880333333333
0.55103
0.0257366666667
0.55103
0.04267
0.55103
0.0596033333333
0.55103
0.0765366666667
0.55103
0.09347
0.55103
0.110403333333
0.55103
0.127336666667
0.55103
0.14427
0.550989533305
0.161473111299
0.550971962383
0.178504238239
0.550939062403
0.195615625584
0.550911027243
0.212677512291
0.550854563012
0.229872330602
0.55088
0.24662
0.55088
0.263503333333
0.550796807306
0.280747168342
0.550764797933
0.297730808266
0.550730395707
0.314701882409
0.55075924218
0.331439192735
0.550721116732
0.348396649804
0.55069765076
0.365289597974
0.550817138652
0.381833343146
0.550698919485
0.398932161031
0.550655251828
0.415827913621
0.550642777778
0.432652962963
0.550615849447
0.449484150553
0.550729622359
0.466203585094
0.550743807115
0.483032064295
0.550749
0.49987
0.550743807115
0.516707935705
0.550729622359
0.533536414906
0.550615849447
0.550255849447
0.550642777778
0.567087037037
0.550655251828
0.583912086379
0.550698919485
0.600807838969
0.550817138652
0.617906656854
0.55069765076
0.634450402026
0.550721116732
0.651343350196
0.55075924218
0.668300807265
0.550730395707
0.685038117591
0.550764797933
0.702009191734
0.550796807306
0.718992831658
0.55088
0.736236666667
0.55088
0.75312
0.550854563012
0.769867669398
0.550911027243
0.787062487709
0.550939062403
0.804124374416
0.550971962383
0.821235761761
0.550989533305
0.838266888701
0.55103
0.85547
0.55103
0.872403333333
0.55103
0.889336666667
0.55103
0.90627
0.55103
0.923203333333
0.55103
0.940136666667
0.55103
0.95707
0.55103
0.974003333333
0.55103
0.990936666667
0.55103
1.00787
0.567963333333
-0.00813
0.567963333333
0.00880333333333
0.567963333333
0.0257366666667
0.567963333333
0.04267
0.567963333333
0.0596033333333
0.567963333333
0.0765366666667
0.567963333333
0.09347
0.567963333333
0.110403333333
0.567963333333
0.127336666667
0.567963333333
0.14427
0.567913462591
0.161452687045
0.567890242675
0.178483847295
0.5678670747
0.195503163849
0.567812347821
0.212645021759
0.567741568925
0.229823724302
0.567686486383
0.246908176065
0.567763333333
0.263503333333
0.567665958166
0.280703135961
0.567622994875
0.297691015376
0.567578222811
0.314662387271
0.567605452014
0.331431369965
0.567596715096
0.348294891034
0.567533483986
0.365263032027
0.567656234855
0.381874089003
0.567700621023
0.398664068466
0.567501644394
0.415780444508
0.567452114178
0.432647885822
0.567447037037
0.449457222222
0.567422012371
0.466273993814
0.567540747493
0.483042313127
0.567546
0.49987
0.567540747493
0.516697686873
0.567422012371
0.533466006186
0.567447037037
0.550282777778
0.567452114178
0.567092114178
0.567501644394
0.583959555492
0.567700621023
0.601075931534
0.567656234855
0.617865910997
0.567533483986
0.634476967973
0.567596715096
0.651445108966
0.567605452014
0.668308630035
0.567578222811
0.685077612729
0.567622994875
0.702048984624
0.567665958166
0.719036864039
0.567763333333
0.736236666667
0.567686486383
0.752831823935
0.567741568925
0.769916275698
0.567812347821
0.787094978241
0.5678670747
0.804236836151
0.567890242675
0.821256152705
0.567913462591
0.838287312955
0.567963333333
0.85547
0.567963333333
0.872403333333
0.567963333333
0.889336666667
0.567963333333
0.90627
0.567963333333
0.923203333333
0.567963333333
0.940136666667
0.567963333333
0.95707
0.567963333333
0.974003333333
0.567963333333
0.990936666667
0.567963333333
1.00787
0.584896666667
-0.00813
0.584896666667
0.00880333333333
0.584896666667
0.0257366666667
0.584896666667
0.04267
0.584896666667
0.0596033333333
0.584896666667
0.0765366666667
0.584896666667
0.09347
0.584896666667
0.110403333333
0.584896666667
0.127336666667
0.584896666667
0.14427
0.584840830463
0.161426678148
0.584812129858
0.17845790654
0.584783527161
0.195477302219
0.5847200614
0.212603791242
0.584638706106
0.229762140461
0.584571032057
0.246846903829
0.584646666667
0.263503333333
0.584546257903
0.280647729453
0.584485740741
0.297656222222
0.584437699021
0.314613062155
0.584454174399
0.331421651203
0.58444368895
0.34828535989
0.584379668847
0.365230529845
0.58434517053
0.382108761259
0.584529220762
0.398710935086
0.584577404469
0.415522595531
0.584319555492
0.432598355606
0.584272086379
0.449444748172
0.584274120877
0.466252351649
0.584257164119
0.483064567176
0.584251296296
0.49987
0.584257164119
0.516675432824
0.584274120877
0.533487648351
0.584272086379
0.550295251828
0.584319555492
0.567141644394
0.584577404469
0.584217404469
0.584529220762
0.601029064914
0.58434517053
0.617631238741
0.584379668847
0.634509470155
0.58444368895
0.65145464011
0.584454174399
0.668318348797
0.584437699021
0.685126937845
0.584485740741
0.702083777778
0.584546257903
0.719092270547
0.584646666667
0.736236666667
0.584571032057
0.752893096171
0.584638706106
0.769977859539
0.5847200614
0.787136208758
0.584783527161
0.804262697781
0.584812129858
0.82128209346
0.584840830463
0.838313321852
0.584896666667
0.85547
0.584896666667
0.872403333333
0.584896666667
0.889336666667
0.584896666667
0.90627
0.584896666667
0.923203333333
0.584896666667
0.940136666667
0.584896666667
0.95707
0.584896666667
0.974003333333
0.584896666667
0.990936666667
0.584896666667
1.00787
0.60183
-0.00813
0.60183
0.00880333333333
0.60183
0.0257366666667
0.60183
0.04267
0.60183
0.0596033333333
0.60183
0.0765366666667
0.60183
0.09347
0.60183
0.110403333333
0.60183
0.127336666667
0.60183
0.14427
0.601772421796
0.161395260679
0.601738439426
0.178426608486
0.601704619234
0.195446142297
0.601635579029
0.21255419275
0.601582117759
0.229597685975
0.601468602191
0.246773494523
0.60153
0.263503333333
0.60153
0.280386666667
0.601369461237
0.297591077525
0.601311019668
0.314554797275
0.601249290936
0.331504515106
0.601293836854
0.348274244718
0.601282222222
0.365133703704
0.601198928435
0.382072916826
0.601162378451
0.398937621549
0.601389064914
0.415570779238
0.601435931534
0.432399378977
0.601167838969
0.449401080515
0.601129644619
0.466236785127
0.601105572803
0.483057404533
0.601097333333
0.49987
0.601105572803
0.516682595467
0.601129644619
0.533503214873
0.601167838969
0.550338919485
0.601435931534
0.567340621023
0.601389064914
0.584169220762
0.601162378451
0.600802378451
0.601198928435
0.617667083174
0.601282222222
0.634606296296
0.601293836854
0.651465755282
0.601249290936
0.668235484894
0.601311019668
0.685185202725
0.601369461237
0.702148922475
0.60153
0.719353333333
0.60153
0.736236666667
0.601468602191
0.752966505477
0.601582117759
0.770142314025
0.601635579029
0.78718580725
0.601704619234
0.804293857703
0.601738439426
0.821313391514
0.601772421796
0.838344739321
0.60183
0.85547
0.60183
0.872403333333
0.60183
0.889336666667
0.60183
0.90627
0.60183
0.923203333333
0.60183
0.940136666667
0.60183
0.95707
0.60183
0.974003333333
0.60183
0.990936666667
0.60183
1.00787
0.618763333333
-0.00813
0.618763333333
0.00880333333333
0.618763333333
0.0257366666667
0.618763333333
0.04267
0.618763333333
0.0596033333333
0.618763333333
0.0765366666667
0.618763333333
0.09347
0.618763333333
0.110403333333
0.618763333333
0.127336666667
0.618763333333
0.14427
0.618763333333
0.161203333333
0.618669935983
0.178390173761
0.618631140477
0.195409924489
0.618592627758
0.212417904016
0.618499108687
0.229540608714
0.618381271004
0.24668870499
0.618291624262
0.263746751477
0.618413333333
0.280386666667
0.618269480814
0.297516604318
0.618191541832
0.314501862836
0.618131025355
0.331439963779
0.618064256649
0.34836881288
0.618134715012
0.365121754272
0.61812259162
0.38197740838
0.618027083174
0.398901071565
0.617991238741
0.41575482947
0.618225910997
0.432443765145
0.618266656854
0.449282861348
0.618297289231
0.466136488791
0.618316366256
0.483000519106
0.618024703704
0.49987
0.618316366256
0.516739480894
0.618297289231
0.533603511209
0.618266656854
0.550457138652
0.618225910997
0.567296234855
0.617991238741
0.58398517053
0.618027083174
0.600838928435
0.61812259162
0.61776259162
0.618134715012
0.634618245728
0.618064256649
0.65137118712
0.618131025355
0.668300036221
0.618191541832
0.685238137164
0.618269480814
0.702223395682
0.618413333333
0.719353333333
0.618291624262
0.735993248523
0.618381271004
0.75305129501
0.618499108687
0.770199391286
0.618592627758
0.787322095984
0.618631140477
0.804330075511
0.618669935983
0.821349826239
0.618763333333
0.838536666667
0.618763333333
0.85547
0.618763333333
0.872403333333
0.618763333333
0.889336666667
0.618763333333
0.90627
0.618763333333
0.923203333333
0.618763333333
0.940136666667
0.618763333333
0.95707
0.618763333333
0.974003333333
0.618763333333
0.990936666667
0.618763333333
1.00787
0.635696666667
-0.00813
0.635696666667
0.00880333333333
0.635696666667
0.0257366666667
0.635696666667
0.04267
0.635696666667
0.0596033333333
0.635696666667
0.0765366666667
0.635696666667
0.09347
0.635696666667
0.110403333333
0.635696666667
0.127336666667
0.635696666667
0.14427
0.635696666667
0.161203333333
0.635607328741
0.17834884424
0.635563817629
0.195368910336
0.635520704319
0.212377253322
0.635426879176
0.229476241649
0.635359481481
0.246502222222
0.635211278208
0.263652763137
0.635296666667
0.280386666667
0.635296666667
0.29727
0.635101916332
0.314421115044
0.635018977619
0.331383777977
0.634958388227
0.348300563245
0.634889373843
0.365210626157
0.634978245728
0.381965284988
0.634966296296
0.398817777778
0.634869470155
0.415720331153
0.634836967973
0.432566516014
0.634810402026
0.44940234924
0.635063284041
0.46616167899
0.63508246971
0.483013441286
0.635088962963
0.49987
0.63508246971
0.516726558714
0.635063284041
0.53357832101
0.634810402026
0.55033765076
0.634836967973
0.567173483986
0.634869470155
0.584019668847
0.634966296296
0.600922222222
0.634978245728
0.617774715012
0.634889373843
0.634529373843
0.634958388227
0.651439436755
0.635018977619
0.668356222023
0.635101916332
0.685318884956
0.635296666667
0.70247
0.635296666667
0.719353333333
0.635211278208
0.736087236863
0.635359481481
0.753237777778
0.635426879176
0.770263758351
0.635520704319
0.787362746678
0.635563817629
0.804371089664
0.635607328741
0.82139115576
0.635696666667
0.838536666667
0.635696666667
0.85547
0.635696666667
0.872403333333
0.635696666667
0.889336666667
0.635696666667
0.90627
0.635696666667
0.923203333333
0.635696666667
0.940136666667
0.635696666667
0.95707
0.635696666667
0.974003333333
0.635696666667
0.990936666667
0.635696666667
1.00787
0.65263
-0.00813
0.65263
0.00880333333333
0.65263
0.0257366666667
0.65263
0.04267
0.65263
0.0596033333333
0.65263
0.0765366666667
0.65263
0.09347
0.65263
0.110403333333
0.65263
0.127336666667
0.65263
0.14427
0.65263
0.161203333333
0.652551269122
0.178302876298
0.652503312629
0.195323374742
0.65245588715
0.212332213161
0.652409069853
0.229329431372
0.652292723685
0.246432127192
0.652150344573
0.263549463997
0.652043857703
0.280583316652
0.65218
0.29727
0.65218
0.314153333333
0.651943558555
0.331299379383
0.651858409522
0.348241590478
0.651799436755
0.365141611773
0.65173118712
0.382035743351
0.651825755282
0.398806163146
0.65181464011
0.41565631105
0.651805108966
0.432503284904
0.651703350196
0.449378883268
0.651683392653
0.466213690522
0.651671135424
0.483043207175
0.651667
0.49987
0.651671135424
0.516696792825
0.651683392653
0.533526309478
0.651703350196
0.550361116732
0.651805108966
0.567236715096
0.65181464011
0.58408368895
0.651825755282
0.600933836854
0.65173118712
0.617704256649
0.651799436755
0.634598388227
0.651858409522
0.651498409522
0.651943558555
0.668440620617
0.65218
0.685586666667
0.65218
0.70247
0.652043857703
0.719156683348
0.652150344573
0.736190536003
0.652292723685
0.753307872808
0.652409069853
0.770410568628
0.65245588715
0.787407786839
0.652503312629
0.804416625258
0.652551269122
0.821437123702
0.65263
0.838536666667
0.65263
0.85547
0.65263
0.872403333333
0.65263
0.889336666667
0.65263
0.90627
0.65263
0.923203333333
0.65263
0.940136666667
0.65263
0.95707
0.65263
0.974003333333
0.65263
0.990936666667
0.65263
1.00787
0.669563333333
-0.00813
0.669563333333
0.00880333333333
0.669563333333
0.0257366666667
0.669563333333
0.04267
0.669563333333
0.0596033333333
0.669563333333
0.0765366666667
0.669563333333
0.09347
0.669563333333
0.110403333333
0.669563333333
0.127336666667
0.669563333333
0.14427
0.669563333333
0.161203333333
0.669563333333
0.178136666667
0.669450222832
0.195273598903
0.669398775284
0.212283082017
0.669348101468
0.229281037652
0.669239298382
0.246356052426
0.669161255754
0.263366241944
0.668995951213
0.280474263423
0.668884915463
0.297484101444
0.669063333333
0.314153333333
0.669063333333
0.331036666667
0.668800620617
0.348156441445
0.668716222023
0.365081022381
0.668660036221
0.381968974645
0.668595484894
0.398850709064
0.668678348797
0.415645825601
0.668668630035
0.432494547986
0.668660807265
0.44934075782
0.668655064629
0.466184987074
0.668651552607
0.483027844739
0.66865037037
0.49987
0.668651552607
0.516712155261
0.668655064629
0.533555012926
0.668660807265
0.55039924218
0.668668630035
0.567245452014
0.668678348797
0.584094174399
0.668595484894
0.600889290936
0.668660036221
0.617771025355
0.668716222023
0.634658977619
0.668800620617
0.651583558555
0.669063333333
0.668703333333
0.669063333333
0.685586666667
0.668884915463
0.702255898556
0.668995951213
0.719265736577
0.669161255754
0.736373758056
0.669239298382
0.753383947574
0.669348101468
0.770458962348
0.669398775284
0.787456917983
0.669450222832
0.804466401097
0.669563333333
0.821603333333
0.669563333333
0.838536666667
0.669563333333
0.85547
0.669563333333
0.872403333333
0.669563333333
0.889336666667
0.669563333333
0.90627
0.669563333333
0.923203333333
0.669563333333
0.940136666667
0.669563333333
0.95707
0.669563333333
0.974003333333
0.669563333333
0.990936666667
0.669563333333
1.00787
0.686496666667
-0.00813
0.686496666667
0.00880333333333
0.686496666667
0.0257366666667
0.686496666667
0.04267
0.686496666667
0.0596033333333
0.686496666667
0.0765366666667
0.686496666667
0.09347
0.686496666667
0.110403333333
0.686496666667
0.127336666667
0.686496666667
0.14427
0.686496666667
0.161203333333
0.686496666667
0.178136666667
0.686496666667
0.19507
0.686349899402
0.21223015547
0.686295667355
0.229229029301
0.686242514534
0.24621657109
0.686116942762
0.263286618303
0.686036101926
0.280280970451
0.685853397711
0.297371747952
0.685740371073
0.314359628927
0.685946666667
0.331036666667
0.685946666667
0.34792
0.685678884956
0.364998083668
0.685598137164
0.381908458168
0.685545202725
0.398788980332
0.685486937845
0.415662300979
0.685437612729
0.432521777189
0.685398117591
0.449369604293
0.685523183677
0.466180330241
0.685519664228
0.48302548507
0.685518481481
0.49987
0.685519664228
0.51671451493
0.685523183677
0.533559669759
0.685398117591
0.550370395707
0.685437612729
0.567218222811
0.685486937845
0.584077699021
0.685545202725
0.600951019668
0.685598137164
0.617831541832
0.685678884956
0.634741916332
0.685946666667
0.65182
0.685946666667
0.668703333333
0.685740371073
0.685380371073
0.685853397711
0.702368252048
0.686036101926
0.719459029549
0.686116942762
0.736453381697
0.686242514534
0.75352342891
0.686295667355
0.770510970699
0.686349899402
0.78750984453
0.686496666667
0.80467
0.686496666667
0.821603333333
0.686496666667
0.838536666667
0.686496666667
0.85547
0.686496666667
0.872403333333
0.686496666667
0.889336666667
0.686496666667
0.90627
0.686496666667
0.923203333333
0.686496666667
0.940136666667
0.686496666667
0.95707
0.686496666667
0.974003333333
0.686496666667
0.990936666667
0.686496666667
1.00787
0.70343
-0.00813
0.70343
0.00880333333333
0.70343
0.0257366666667
0.70343
0.04267
0.70343
0.0596033333333
0.70343
0.0765366666667
0.70343
0.09347
0.70343
0.110403333333
0.70343
0.127336666667
0.70343
0.14427
0.70343
0.161203333333
0.70343
0.178136666667
0.70343
0.19507
0.703309726368
0.212173720979
0.703252222222
0.229173703704
0.703195999837
0.246162500203
0.703141224101
0.263140238549
0.703002934373
0.280199321096
0.702920872917
0.297179127083
0.702728252048
0.314246602289
0.702615898556
0.331215084537
0.70283
0.34792
0.70283
0.364803333333
0.702583395682
0.381830519186
0.702508922475
0.398730538763
0.702443777778
0.415614259259
0.702408984624
0.432477005125
0.702369191734
0.449335202067
0.702340208009
0.466184965332
0.70232258234
0.483028951472
0.702316666667
0.49987
0.70232258234
0.516711048528
0.702340208009
0.533555034668
0.702369191734
0.550404797933
0.702408984624
0.567262994875
0.702443777778
0.584125740741
0.702508922475
0.601009461237
0.702583395682
0.617909480814
0.70283
0.634936666667
0.70283
0.65182
0.702615898556
0.668524915463
0.702728252048
0.685493397711
0.702920872917
0.702560872917
0.703002934373
0.719540678904
0.703141224101
0.736599761451
0.703195999837
0.753577499797
0.703252222222
0.770566296296
0.703309726368
0.787566279021
0.70343
0.80467
0.70343
0.821603333333
0.70343
0.838536666667
0.70343
0.85547
0.70343
0.872403333333
0.70343
0.889336666667
0.70343
0.90627
0.70343
0.923203333333
0.70343
0.940136666667
0.70343
0.95707
0.70343
0.974003333333
0.70343
0.990936666667
0.70343
1.00787
0.720363333333
-0.00813
0.720363333333
0.00880333333333
0.720363333333
0.0257366666667
0.720363333333
0.04267
0.720363333333
0.0596033333333
0.720363333333
0.0765366666667
0.720363333333
0.09347
0.720363333333
0.110403333333
0.720363333333
0.127336666667
0.720363333333
0.14427
0.720363333333
0.161203333333
0.720363333333
0.178136666667
0.720363333333
0.19507
0.720363333333
0.212003333333
0.720218159204
0.229115342518
0.720159141524
0.246105605934
0.720101790526
0.263084994818
0.720046308694
0.280053691306
0.719900678904
0.297097065627
0.719819029549
0.314063898074
0.719625736577
0.331104048787
0.719516683348
0.348056142297
0.719713333333
0.364803333333
0.719713333333
0.381686666667
0.719713333333
0.39857
0.719452270547
0.415553742097
0.719396864039
0.432434041834
0.719352831658
0.449303192694
0.719320847515
0.466163715767
0.71930143483
0.483018351167
0.719294925926
0.49987
0.71930143483
0.516721648833
0.719320847515
0.533576284233
0.719352831658
0.550436807306
0.719396864039
0.567305958166
0.719452270547
0.584186257903
0.719713333333
0.60117
0.719713333333
0.618053333333
0.719713333333
0.634936666667
0.719516683348
0.651683857703
0.719625736577
0.668635951213
0.719819029549
0.685676101926
0.719900678904
0.702642934373
0.720046308694
0.719686308694
0.720101790526
0.736655005182
0.720159141524
0.753634394066
0.720218159204
0.770624657482
0.720363333333
0.787736666667
0.720363333333
0.80467
0.720363333333
0.821603333333
0.720363333333
0.838536666667
0.720363333333
0.85547
0.720363333333
0.872403333333
0.720363333333
0.889336666667
0.720363333333
0.90627
0.720363333333
0.923203333333
0.720363333333
0.940136666667
0.720363333333
0.95707
0.720363333333
0.974003333333
0.720363333333
0.990936666667
0.720363333333
1.00787
0.737296666667
-0.00813
0.737296666667
0.00880333333333
0.737296666667
0.0257366666667
0.737296666667
0.04267
0.737296666667
0.0596033333333
0.737296666667
0.0765366666667
0.737296666667
0.09347
0.737296666667
0.110403333333
0.737296666667
0.127336666667
0.737296666667
0.14427
0.737296666667
0.161203333333
0.737296666667
0.178136666667
0.737296666667
0.19507
0.737296666667
0.212003333333
0.737296666667
0.228936666667
0.737132257679
0.246046152486
0.737072582864
0.263027417136
0.737015005182
0.279998209474
0.736959761451
0.296958775899
0.736813381697
0.313983057238
0.736733758056
0.330938744246
0.736550536003
0.347949655427
0.736447236863
0.364888721792
0.736353248523
0.381808375738
0.736596666667
0.39857
0.736596666667
0.415453333333
0.736596666667
0.432336666667
0.736596666667
0.44922
0.736596666667
0.466103333333
0.736335102818
0.483005349799
0.736328592593
0.49987
0.736335102818
0.516734650201
0.736596666667
0.533636666667
0.736596666667
0.55052
0.736596666667
0.567403333333
0.736596666667
0.584286666667
0.736596666667
0.60117
0.736353248523
0.617931624262
0.736447236863
0.634851278208
0.736550536003
0.651790344573
0.736733758056
0.668801255754
0.736813381697
0.685756942762
0.736959761451
0.702781224101
0.737015005182
0.719741790526
0.737072582864
0.736712582864
0.737132257679
0.753693847514
0.737296666667
0.770803333333
0.737296666667
0.787736666667
0.737296666667
0.80467
0.737296666667
0.821603333333
0.737296666667
0.838536666667
0.737296666667
0.85547
0.737296666667
0.872403333333
0.737296666667
0.889336666667
0.737296666667
0.90627
0.737296666667
0.923203333333
0.737296666667
0.940136666667
0.737296666667
0.95707
0.737296666667
0.974003333333
0.737296666667
0.990936666667
0.737296666667
1.00787
0.75423
-0.00813
0.75423
0.00880333333333
0.75423
0.0257366666667
0.75423
0.04267
0.75423
0.0596033333333
0.75423
0.0765366666667
0.75423
0.09347
0.75423
0.110403333333
0.75423
0.127336666667
0.75423
0.14427
0.75423
0.161203333333
0.75423
0.178136666667
0.75423
0.19507
0.75423
0.212003333333
0.75423
0.228936666667
0.75423
0.24587
0.754053847514
0.262967742321
0.753994394066
0.279940858476
0.753937499797
0.296904000163
0.75388342891
0.313857485466
0.753743947574
0.330860701618
0.753667872808
0.347807276315
0.753597777778
0.364740518519
0.75341129501
0.381718728996
0.753326505477
0.398631397809
0.753253096171
0.415528967943
0.753191823935
0.432413513617
0.75348
0.44922
0.75348
0.466103333333
0.75348
0.482986666667
0.75348
0.49987
0.75348
0.516753333333
0.75348
0.533636666667
0.75348
0.55052
0.753191823935
0.567326486383
0.753253096171
0.584211032057
0.753326505477
0.601108602191
0.75341129501
0.618021271004
0.753597777778
0.634999481481
0.753667872808
0.651932723685
0.753743947574
0.668879298382
0.75388342891
0.685882514534
0.753937499797
0.702835999837
0.753994394066
0.719799141524
0.754053847514
0.736772257679
0.75423
0.75387
0.75423
0.770803333333
0.75423
0.787736666667
0.75423
0.80467
0.75423
0.821603333333
0.75423
0.838536666667
0.75423
0.85547
0.75423
0.872403333333
0.75423
0.889336666667
0.75423
0.90627
0.75423
0.923203333333
0.75423
0.940136666667
0.75423
0.95707
0.75423
0.974003333333
0.75423
0.990936666667
0.75423
1.00787
0.771163333333
-0.00813
0.771163333333
0.00880333333333
0.771163333333
0.0257366666667
0.771163333333
0.04267
0.771163333333
0.0596033333333
0.771163333333
0.0765366666667
0.771163333333
0.09347
0.771163333333
0.110403333333
0.771163333333
0.127336666667
0.771163333333
0.14427
0.771163333333
0.161203333333
0.771163333333
0.178136666667
0.771163333333
0.19507
0.771163333333
0.212003333333
0.771163333333
0.228936666667
0.771163333333
0.24587
0.771163333333
0.262803333333
0.770984657482
0.279881840796
0.770926296296
0.296847777778
0.770870970699
0.313804332645
0.770818962348
0.330751898532
0.770770568628
0.347690930147
0.770623758351
0.364673120824
0.770559391286
0.381600891313
0.770502314025
0.398517882241
0.770337859539
0.415461293894
0.770276275698
0.432358431075
0.770227669398
0.449245436988
0.770192556415
0.466124680448
0.770171326402
0.4829986671
0.770164222222
0.49987
0.770171326402
0.5167413329
0.770192556415
0.533615319552
0.770227669398
0.550494563012
0.770276275698
0.567381568925
0.770337859539
0.584278706106
0.770502314025
0.601222117759
0.770559391286
0.618139108687
0.770623758351
0.635066879176
0.770770568628
0.652049069853
0.770818962348
0.668988101468
0.770870970699
0.685935667355
0.770926296296
0.702892222222
0.770984657482
0.719858159204
0.771163333333
0.736936666667
0.771163333333
0.75387
0.771163333333
0.770803333333
0.771163333333
0.787736666667
0.771163333333
0.80467
0.771163333333
0.821603333333
0.771163333333
0.838536666667
0.771163333333
0.85547
0.771163333333
0.872403333333
0.771163333333
0.889336666667
0.771163333333
0.90627
0.771163333333
0.923203333333
0.771163333333
0.940136666667
0.771163333333
0.95707
0.771163333333
0.974003333333
0.771163333333
0.990936666667
0.771163333333
1.00787
0.788096666667
-0.00813
0.788096666667
0.00880333333333
0.788096666667
0.0257366666667
0.788096666667
0.04267
0.788096666667
0.0596033333333
0.788096666667
0.0765366666667
0.788096666667
0.09347
0.788096666667
0.110403333333
0.788096666667
0.127336666667
0.788096666667
0.14427
0.788096666667
0.161203333333
0.788096666667
0.178136666667
0.788096666667
0.19507
0.788096666667
0.212003333333
0.788096666667
0.228936666667
0.788096666667
0.24587
0.788096666667
0.262803333333
0.788096666667
0.279736666667
0.787926279021
0.296790273632
0.78786984453
0.313750100598
0.787816917983
0.330701224716
0.787767786839
0.34764411285
0.787722746678
0.364579295681
0.787682095984
0.381507372242
0.78754580725
0.398464420971
0.787496208758
0.4153799386
0.787454978241
0.432287652179
0.787422487709
0.449188972757
0.787399045946
0.466085406359
0.787384884795
0.482978536189
0.787380148148
0.49987
0.787384884795
0.516761463811
0.787399045946
0.533654593641
0.787422487709
0.550551027243
0.787454978241
0.567452347821
0.787496208758
0.5843600614
0.78754580725
0.601275579029
0.787682095984
0.618232627758
0.787722746678
0.635160704319
0.787767786839
0.65209588715
0.787816917983
0.669038775284
0.78786984453
0.685989899402
0.787926279021
0.702949726368
0.788096666667
0.720003333333
0.788096666667
0.736936666667
0.788096666667
0.75387
0.788096666667
0.770803333333
0.788096666667
0.787736666667
0.788096666667
0.80467
0.788096666667
0.821603333333
0.788096666667
0.838536666667
0.788096666667
0.85547
0.788096666667
0.872403333333
0.788096666667
0.889336666667
0.788096666667
0.90627
0.788096666667
0.923203333333
0.788096666667
0.940136666667
0.788096666667
0.95707
0.788096666667
0.974003333333
0.788096666667
0.990936666667
0.788096666667
1.00787
0.80503
-0.00813
0.80503
0.00880333333333
0.80503
0.0257366666667
0.80503
0.04267
0.80503
0.0596033333333
0.80503
0.0765366666667
0.80503
0.09347
0.80503
0.110403333333
0.80503
0.127336666667
0.80503
0.14427
0.80503
0.161203333333
0.80503
0.178136666667
0.80503
0.19507
0.80503
0.212003333333
0.80503
0.228936666667
0.80503
0.24587
0.80503
0.262803333333
0.80503
0.279736666667
0.80503
0.29667
0.80503
0.313603333333
0.804826401097
0.330649777168
0.804776625258
0.347596687371
0.804731089664
0.364536182371
0.804690075511
0.381468859523
0.804653857703
0.398395380766
0.804622697781
0.415316472839
0.804596836151
0.4322329253
0.804484374416
0.449160937597
0.804460904794
0.466066566134
0.804446737088
0.482969070162
0.804442
0.49987
0.804446737088
0.516770929838
0.804460904794
0.533673433866
0.804484374416
0.550579062403
0.804596836151
0.5675070747
0.804622697781
0.584423527161
0.804653857703
0.601344619234
0.804690075511
0.618271140477
0.804731089664
0.635203817629
0.804776625258
0.652143312629
0.804826401097
0.669090222832
0.80503
0.686136666667
0.80503
0.70307
0.80503
0.720003333333
0.80503
0.736936666667
0.80503
0.75387
0.80503
0.770803333333
0.80503
0.787736666667
0.80503
0.80467
0.80503
0.821603333333
0.80503
0.838536666667
0.80503
0.85547
0.80503
0.872403333333
0.80503
0.889336666667
0.80503
0.90627
0.80503
0.923203333333
0.80503
0.940136666667
0.80503
0.95707
0.80503
0.974003333333
0.80503
0.990936666667
0.80503
1.00787
0.821963333333
-0.00813
0.821963333333
0.00880333333333
0.821963333333
0.0257366666667
0.821963333333
0.04267
0.821963333333
0.0596033333333
0.821963333333
0.0765366666667
0.821963333333
0.09347
0.821963333333
0.110403333333
0.821963333333
0.127336666667
0.821963333333
0.14427
0.821963333333
0.161203333333
0.821963333333
0.178136666667
0.821963333333
0.19507
0.821963333333
0.212003333333
0.821963333333
0.228936666667
0.821963333333
0.24587
0.821963333333
0.262803333333
0.821963333333
0.279736666667
0.821963333333
0.29667
0.821963333333
0.313603333333
0.821963333333
0.330536666667
0.821797123702
0.347548730878
0.82175115576
0.364492671259
0.821709826239
0.381430064017
0.821673391514
0.398361560574
0.82164209346
0.415287870142
0.821616152705
0.432209757325
0.821595761761
0.449128037617
0.821581078461
0.466043570688
0.821572220173
0.48295725157
0.821569259259
0.49987
0.821572220173
0.51678274843
0.821581078461
0.533696429312
0.821595761761
0.550611962383
0.821616152705
0.567530242675
0.82164209346
0.584452129858
0.821673391514
0.601378439426
0.821709826239
0.618309935983
0.82175115576
0.635247328741
0.821797123702
0.652191269122
0.821963333333
0.669203333333
0.821963333333
0.686136666667
0.821963333333
0.70307
0.821963333333
0.720003333333
0.821963333333
0.736936666667
0.821963333333
0.75387
0.821963333333
0.770803333333
0.821963333333
0.787736666667
0.821963333333
0.80467
0.821963333333
0.821603333333
0.821963333333
0.838536666667
0.821963333333
0.85547
0.821963333333
0.872403333333
0.821963333333
0.889336666667
0.821963333333
0.90627
0.821963333333
0.923203333333
0.821963333333
0.940136666667
0.821963333333
0.95707
0.821963333333
0.974003333333
0.821963333333
0.990936666667
0.821963333333
1.00787
0.838896666667
-0.00813
0.838896666667
0.00880333333333
0.838896666667
0.0257366666667
0.838896666667
0.04267
0.838896666667
0.0596033333333
0.838896666667
0.0765366666667
0.838896666667
0.09347
0.838896666667
0.110403333333
0.838896666667
0.127336666667
0.838896666667
0.14427
0.838896666667
0.161203333333
0.838896666667
0.178136666667
0.838896666667
0.19507
0.838896666667
0.212003333333
0.838896666667
0.228936666667
0.838896666667
0.24587
0.838896666667
0.262803333333
0.838896666667
0.279736666667
0.838896666667
0.29667
0.838896666667
0.313603333333
0.838896666667
0.330536666667
0.838896666667
0.34747
0.838896666667
0.364403333333
0.838896666667
0.381336666667
0.838704739321
0.398327578204
0.838673321852
0.415259169537
0.838647312955
0.432186537409
0.838626888701
0.449110466695
0.83861219274
0.466031780726
0.838603331484
0.482951333426
0.83860037037
0.49987
0.838603331484
0.516788666574
0.83861219274
0.533708219274
0.838626888701
0.550629533305
0.838647312955
0.567553462591
0.838673321852
0.584480830463
0.838704739321
0.601412421796
0.838896666667
0.618403333333
0.838896666667
0.635336666667
0.838896666667
0.65227
0.838896666667
0.669203333333
0.838896666667
0.686136666667
0.838896666667
0.70307
0.838896666667
0.720003333333
0.838896666667
0.736936666667
0.838896666667
0.75387
0.838896666667
0.770803333333
0.838896666667
0.787736666667
0.838896666667
0.80467
0.838896666667
0.821603333333
0.838896666667
0.838536666667
0.838896666667
0.85547
0.838896666667
0.872403333333
0.838896666667
0.889336666667
0.838896666667
0.90627
0.838896666667
0.923203333333
0.838896666667
0.940136666667
0.838896666667
0.95707
0.838896666667
0.974003333333
0.838896666667
0.990936666667
0.838896666667
1.00787
0.85583
-0.00813
0.85583
0.00880333333333
0.85583
0.0257366666667
0.85583
0.04267
0.85583
0.0596033333333
0.85583
0.0765366666667
0.85583
0.09347
0.85583
0.110403333333
0.85583
0.127336666667
0.85583
0.14427
0.85583
0.161203333333
0.85583
0.178136666667
0.85583
0.19507
0.85583
0.212003333333
0.85583
0.228936666667
0.85583
0.24587
0.85583
0.262803333333
0.85583
0.279736666667
0.85583
0.29667
0.85583
0.313603333333
0.85583
0.330536666667
0.85583
0.34747
0.85583
0.364403333333
0.85583
0.381336666667
0.85583
0.39827
0.85583
0.415203333333
0.85583
0.432136666667
0.85583
0.44907
0.85583
0.466003333333
0.855646294619
0.482945414542
0.855643333333
0.49987
0.855646294619
0.516794585458
0.85583
0.533736666667
0.85583
0.55067
0.85583
0.567603333333
0.85583
0.584536666667
0.85583
0.60147
0.85583
0.618403333333
0.85583
0.635336666667
0.85583
0.65227
0.85583
0.669203333333
0.85583
0.686136666667
0.85583
0.70307
0.85583
0.720003333333
0.85583
0.736936666667
0.85583
0.75387
0.85583
0.770803333333
0.85583
0.787736666667
0.85583
0.80467
0.85583
0.821603333333
0.85583
0.838536666667
0.85583
0.85547
0.85583
0.872403333333
0.85583
0.889336666667
0.85583
0.90627
0.85583
0.923203333333
0.85583
0.940136666667
0.85583
0.95707
0.85583
0.974003333333
0.85583
0.990936666667
0.85583
1.00787
0.872763333333
-0.00813
0.872763333333
0.00880333333333
0.872763333333
0.0257366666667
0.872763333333
0.04267
0.872763333333
0.0596033333333
0.872763333333
0.0765366666667
0.872763333333
0.09347
0.872763333333
0.110403333333
0.872763333333
0.127336666667
0.872763333333
0.14427
0.872763333333
0.161203333333
0.872763333333
0.178136666667
0.872763333333
0.19507
0.872763333333
0.212003333333
0.872763333333
0.228936666667
0.872763333333
0.24587
0.872763333333
0.262803333333
0.872763333333
0.279736666667
0.872763333333
0.29667
0.872763333333
0.313603333333
0.872763333333
0.330536666667
0.872763333333
0.34747
0.872763333333
0.364403333333
0.872763333333
0.381336666667
0.872763333333
0.39827
0.872763333333
0.415203333333
0.872763333333
0.432136666667
0.872763333333
0.44907
0.872763333333
0.466003333333
0.872763333333
0.482936666667
0.872763333333
0.49987
0.872763333333
0.516803333333
0.872763333333
0.533736666667
0.872763333333
0.55067
0.872763333333
0.567603333333
0.872763333333
0.584536666667
0.872763333333
0.60147
0.872763333333
0.618403333333
0.872763333333
0.635336666667
0.872763333333
0.65227
0.872763333333
0.669203333333
0.872763333333
0.686136666667
0.872763333333
0.70307
0.872763333333
0.720003333333
0.872763333333
0.736936666667
0.872763333333
0.75387
0.872763333333
0.770803333333
0.872763333333
0.787736666667
0.872763333333
0.80467
0.872763333333
0.821603333333
0.872763333333
0.838536666667
0.872763333333
0.85547
0.872763333333
0.872403333333
0.872763333333
0.889336666667
0.872763333333
0.90627
0.872763333333
0.923203333333
0.872763333333
0.940136666667
0.872763333333
0.95707
0.872763333333
0.974003333333
0.872763333333
0.990936666667
0.872763333333
1.00787
0.889696666667
-0.00813
0.889696666667
0.00880333333333
0.889696666667
0.0257366666667
0.889696666667
0.04267
0.889696666667
0.0596033333333
0.889696666667
0.0765366666667
0.889696666667
0.09347
0.889696666667
0.110403333333
0.889696666667
0.127336666667
0.889696666667
0.14427
0.889696666667
0.161203333333
0.889696666667
0.178136666667
0.889696666667
0.19507
0.889696666667
0.212003333333
0.889696666667
0.228936666667
0.889696666667
0.24587
0.889696666667
0.262803333333
0.889696666667
0.279736666667
0.889696666667
0.29667
0.889696666667
0.313603333333
0.889696666667
0.330536666667
0.889696666667
0.34747
0.889696666667
0.364403333333
0.889696666667
0.381336666667
0.889696666667
0.39827
0.889696666667
0.415203333333
0.889696666667
0.432136666667
0.889696666667
0.44907
0.889696666667
0.466003333333
0.889696666667
0.482936666667
0.889696666667
0.49987
0.889696666667
0.516803333333
0.889696666667
0.533736666667
0.889696666667
0.55067
0.889696666667
0.567603333333
0.889696666667
0.584536666667
0.889696666667
0.60147
0.889696666667
0.618403333333
0.889696666667
0.635336666667
0.889696666667
0.65227
0.889696666667
0.669203333333
0.889696666667
0.686136666667
0.889696666667
0.70307
0.889696666667
0.720003333333
0.889696666667
0.736936666667
0.889696666667
0.75387
0.889696666667
0.770803333333
0.889696666667
0.787736666667
0.889696666667
0.80467
0.889696666667
0.821603333333
0.889696666667
0.838536666667
0.889696666667
0.85547
0.889696666667
0.872403333333
0.889696666667
0.889336666667
0.889696666667
0.90627
0.889696666667
0.923203333333
0.889696666667
0.940136666667
0.889696666667
0.95707
0.889696666667
0.974003333333
0.889696666667
0.990936666667
0.889696666667
1.00787
0.90663
-0.00813
0.90663
0.00880333333333
0.90663
0.0257366666667
0.90663
0.04267
0.90663
0.0596033333333
0.90663
0.0765366666667
0.90663
0.09347
0.90663
0.110403333333
0.90663
0.127336666667
0.90663
0.14427
0.90663
0.161203333333
0.90663
0.178136666667
0.90663
0.19507
0.90663
0.212003333333
0.90663
0.228936666667
0.90663
0.24587
0.90663
0.262803333333
0.90663
0.279736666667
0.90663
0.29667
0.90663
0.313603333333
0.90663
0.330536666667
0.90663
0.34747
0.90663
0.364403333333
0.90663
0.381336666667
0.90663
0.39827
0.90663
0.415203333333
0.90663
0.432136666667
0.90663
0.44907
0.90663
0.466003333333
0.90663
0.482936666667
0.90663
0.49987
0.90663
0.516803333333
0.90663
0.533736666667
0.90663
0.55067
0.90663
0.567603333333
0.90663
0.584536666667
0.90663
0.60147
0.90663
0.618403333333
0.90663
0.635336666667
0.90663
0.65227
0.90663
0.669203333333
0.90663
0.686136666667
0.90663
0.70307
0.90663
0.720003333333
0.90663
0.736936666667
0.90663
0.75387
0.90663
0.770803333333
0.90663
0.787736666667
0.90663
0.80467
0.90663
0.821603333333
0.90663
0.838536666667
0.90663
0.85547
0.90663
0.872403333333
0.90663
0.889336666667
0.90663
0.90627
0.90663
0.923203333333
0.90663
0.940136666667
0.90663
0.95707
0.90663
0.974003333333
0.90663
0.990936666667
0.90663
1.00787
0.923563333333
-0.00813
0.923563333333
0.00880333333333
0.923563333333
0.0257366666667
0.923563333333
0.04267
0.923563333333
0.0596033333333
0.923563333333
0.0765366666667
0.923563333333
0.09347
0.923563333333
0.110403333333
0.923563333333
0.127336666667
0.923563333333
0.14427
0.923563333333
0.161203333333
0.923563333333
0.178136666667
0.923563333333
0.19507
0.923563333333
0.212003333333
0.923563333333
0.228936666667
0.923563333333
0.24587
0.923563333333
0.262803333333
0.923563333333
0.279736666667
0.923563333333
0.29667
0.923563333333
0.313603333333
0.923563333333
0.330536666667
0.923563333333
0.34747
0.923563333333
0.364403333333
0.923563333333
0.381336666667
0.923563333333
0.39827
0.923563333333
0.415203333333
0.923563333333
0.432136666667
0.923563333333
0.44907
0.923563333333
0.466003333333
0.923563333333
0.482936666667
0.923563333333
0.49987
0.923563333333
0.516803333333
0.923563333333
0.533736666667
0.923563333333
0.55067
0.923563333333
0.567603333333
0.923563333333
0.584536666667
0.923563333333
0.60147
0.923563333333
0.618403333333
0.923563333333
0.635336666667
0.923563333333
0.65227
0.923563333333
0.669203333333
0.923563333333
0.686136666667
0.923563333333
0.70307
0.923563333333
0.720003333333
0.923563333333
0.736936666667
0.923563333333
0.75387
0.923563333333
0.770803333333
0.923563333333
0.787736666667
0.923563333333
0.80467
0.923563333333
0.821603333333
0.923563333333
0.838536666667
0.923563333333
0.85547
0.923563333333
0.872403333333
0.923563333333
0.889336666667
0.923563333333
0.90627
0.923563333333
0.923203333333
0.923563333333
0.940136666667
0.923563333333
0.95707
0.923563333333
0.974003333333
0.923563333333
0.990936666667
0.923563333333
1.00787
0.940496666667
-0.00813
0.940496666667
0.00880333333333
0.940496666667
0.0257366666667
0.940496666667
0.04267
0.940496666667
0.0596033333333
0.940496666667
0.0765366666667
0.940496666667
0.09347
0.940496666667
0.110403333333
0.940496666667
0.127336666667
0.940496666667
0.14427
0.940496666667
0.161203333333
0.940496666667
0.178136666667
0.940496666667
0.19507
0.940496666667
0.212003333333
0.940496666667
0.228936666667
0.940496666667
0.24587
0.940496666667
0.262803333333
0.940496666667
0.279736666667
0.940496666667
0.29667
0.940496666667
0.313603333333
0.940496666667
0.330536666667
0.940496666667
0.34747
0.940496666667
0.364403333333
0.940496666667
0.381336666667
0.940496666667
0.39827
0.940496666667
0.415203333333
0.940496666667
0.432136666667
0.940496666667
0.44907
0.940496666667
0.466003333333
0.940496666667
0.482936666667
0.940496666667
0.49987
0.940496666667
0.516803333333
0.940496666667
0.533736666667
0.940496666667
0.55067
0.940496666667
0.567603333333
0.940496666667
0.584536666667
0.940496666667
0.60147
0.940496666667
0.618403333333
0.940496666667
0.635336666667
0.940496666667
0.65227
0.940496666667
0.669203333333
0.940496666667
0.686136666667
0.940496666667
0.70307
0.940496666667
0.720003333333
0.940496666667
0.736936666667
0.940496666667
0.75387
0.940496666667
0.770803333333
0.940496666667
0.787736666667
0.940496666667
0.80467
0.940496666667
0.821603333333
0.940496666667
0.838536666667
0.940496666667
0.85547
0.940496666667
0.872403333333
0.940496666667
0.889336666667
0.940496666667
0.90627
0.940496666667
0.923203333333
0.940496666667
0.940136666667
0.940496666667
0.95707
0.940496666667
0.974003333333
0.940496666667
0.990936666667
0.940496666667
1.00787
0.95743
-0.00813
0.95743
0.00880333333333
0.95743
0.0257366666667
0.95743
0.04267
0.95743
0.0596033333333
0.95743
0.0765366666667
0.95743
0.09347
0.95743
0.110403333333
0.95743
0.127336666667
0.95743
0.14427
0.95743
0.161203333333
0.95743
0.178136666667
0.95743
0.19507
0.95743
0.212003333333
0.95743
0.228936666667
0.95743
0.24587
0.95743
0.262803333333
0.95743
0.279736666667
0.95743
0.29667
0.95743
0.313603333333
0.95743
0.330536666667
0.95743
0.34747
0.95743
0.364403333333
0.95743
0.381336666667
0.95743
0.39827
0.95743
0.415203333333
0.95743
0.432136666667
0.95743
0.44907
0.95743
0.466003333333
0.95743
0.482936666667
0.95743
0.49987
0.95743
0.516803333333
0.95743
0.533736666667
0.95743
0.55067
0.95743
0.567603333333
0.95743
0.584536666667
0.95743
0.60147
0.95743
0.618403333333
0.95743
0.635336666667
0.95743
0.65227
0.95743
0.669203333333
0.95743
0.686136666667
0.95743
0.70307
0.95743
0.720003333333
0.95743
0.736936666667
0.95743
0.75387
0.95743
0.770803333333
0.95743
0.787736666667
0.95743
0.80467
0.95743
0.821603333333
0.95743
0.838536666667
0.95743
0.85547
0.95743
0.872403333333
0.95743
0.889336666667
0.95743
0.90627
0.95743
0.923203333333
0.95743
0.940136666667
0.95743
0.95707
0.95743
0.974003333333
0.95743
0.990936666667
0.95743
1.00787
0.974363333333
-0.00813
0.974363333333
0.00880333333333
0.974363333333
0.0257366666667
0.974363333333
0.04267
0.974363333333
0.0596033333333
0.974363333333
0.0765366666667
0.974363333333
0.09347
0.974363333333
0.110403333333
0.974363333333
0.127336666667
0.974363333333
0.14427
0.974363333333
0.161203333333
0.974363333333
0.178136666667
0.974363333333
0.19507
0.974363333333
0.212003333333
0.974363333333
0.228936666667
0.974363333333
0.24587
0.974363333333
0.262803333333
0.974363333333
0.279736666667
0.974363333333
0.29667
0.974363333333
0.313603333333
0.974363333333
0.330536666667
0.974363333333
0.34747
0.974363333333
0.364403333333
0.974363333333
0.381336666667
0.974363333333
0.39827
0.974363333333
0.415203333333
0.974363333333
0.432136666667
0.974363333333
0.44907
0.974363333333
0.466003333333
0.974363333333
0.482936666667
0.974363333333
0.49987
0.974363333333
0.516803333333
0.974363333333
0.533736666667
0.974363333333
0.55067
0.974363333333
0.567603333333
0.974363333333
0.584536666667
0.974363333333
0.60147
0.974363333333
0.618403333333
0.974363333333
0.635336666667
0.974363333333
0.65227
0.974363333333
0.669203333333
0.974363333333
0.686136666667
0.974363333333
0.70307
0.974363333333
0.720003333333
0.974363333333
0.736936666667
0.974363333333
0.75387
0.974363333333
0.770803333333
0.974363333333
0.787736666667
0.974363333333
0.80467
0.974363333333
0.821603333333
0.974363333333
0.838536666667
0.974363333333
0.85547
0.974363333333
0.872403333333
0.974363333333
0.889336666667
0.974363333333
0.90627
0.974363333333
0.923203333333
0.974363333333
0.940136666667
0.974363333333
0.95707
0.974363333333
0.974003333333
0.974363333333
0.990936666667
0.974363333333
1.00787
0.991296666667
-0.00813
0.991296666667
0.00880333333333
0.991296666667
0.0257366666667
0.991296666667
0.04267
0.991296666667
0.0596033333333
0.991296666667
0.0765366666667
0.991296666667
0.09347
0.991296666667
0.110403333333
0.991296666667
0.127336666667
0.991296666667
0.14427
0.991296666667
0.161203333333
0.991296666667
0.178136666667
0.991296666667
0.19507
0.991296666667
0.212003333333
0.991296666667
0.228936666667
0.991296666667
0.24587
0.991296666667
0.262803333333
0.991296666667
0.279736666667
0.991296666667
0.29667
0.991296666667
0.313603333333
0.991296666667
0.330536666667
0.991296666667
0.34747
0.991296666667
0.364403333333
0.991296666667
0.381336666667
0.991296666667
0.39827
0.991296666667
0.415203333333
0.991296666667
0.432136666667
0.991296666667
0.44907
0.991296666667
0.466003333333
0.991296666667
0.482936666667
0.991296666667
0.49987
0.991296666667
0.516803333333
0.991296666667
0.533736666667
0.991296666667
0.55067
0.991296666667
0.567603333333
0.991296666667
0.584536666667
0.991296666667
0.60147
0.991296666667
0.618403333333
0.991296666667
0.635336666667
0.991296666667
0.65227
0.991296666667
0.669203333333
0.991296666667
0.686136666667
0.991296666667
0.70307
0.991296666667
0.720003333333
0.991296666667
0.736936666667
0.991296666667
0.75387
0.991296666667
0.770803333333
0.991296666667
0.787736666667
0.991296666667
0.80467
0.991296666667
0.821603333333
0.991296666667
0.838536666667
0.991296666667
0.85547
0.991296666667
0.872403333333
0.991296666667
0.889336666667
0.991296666667
0.90627
0.991296666667
0.923203333333
0.991296666667
0.940136666667
0.991296666667
0.95707
0.991296666667
0.974003333333
0.991296666667
0.990936666667
0.991296666667
1.00787
1.00823
-0.00813
1.00823
0.00880333333333
1.00823
0.0257366666667
1.00823
0.04267
1.00823
0.0596033333333
1.00823
0.0765366666667
1.00823
0.09347
1.00823
0.110403333333
1.00823
0.127336666667
1.00823
0.14427
1.00823
0.161203333333
1.00823
0.178136666667
1.00823
0.19507
1.00823
0.212003333333
1.00823
0.228936666667
1.00823
0.24587
1.00823
0.262803333333
1.00823
0.279736666667
1.00823
0.29667
1.00823
0.313603333333
1.00823
0.330536666667
1.00823
0.34747
1.00823
0.364403333333
1.00823
0.381336666667
1.00823
0.39827
1.00823
0.415203333333
1.00823
0.432136666667
1.00823
0.44907
1.00823
0.466003333333
1.00823
0.482936666667
1.00823
0.49987
1.00823
0.516803333333
1.00823
0.533736666667
1.00823
0.55067
1.00823
0.567603333333
1.00823
0.584536666667
1.00823
0.60147
1.00823
0.618403333333
1.00823
0.635336666667
1.00823
0.65227
1.00823
0.669203333333
1.00823
0.686136666667
1.00823
0.70307
1.00823
0.720003333333
1.00823
0.736936666667
1.00823
0.75387
1.00823
0.770803333333
1.00823
0.787736666667
1.00823
0.80467
1.00823
0.821603333333
1.00823
0.838536666667
1.00823
0.85547
1.00823
0.872403333333
1.00823
0.889336666667
1.00823
0.90627
1.00823
0.923203333333
1.00823
0.940136666667
1.00823
0.95707
1.00823
0.974003333333
1.00823
0.990936666667
1.00823
1.00787
