0.0054
0.0052
0.0054
0.0216966666667
0.0054
0.0381933333333
0.0054
0.05469
0.0054
0.0711866666667
0.0054
0.0876833333333
0.0054
0.10418
0.0054
0.120676666667
0.0054
0.137173333333
0.0054
0.15367
0.0054
0.170166666667
0.0054
0.186663333333
0.0054
0.20316
0.0054
0.219656666667
0.0054
0.236153333333
0.0054
0.25265
0.0054
0.269146666667
0.0054
0.285643333333
0.0054
0.30214
0.0054
0.318636666667
0.0054
0.335133333333
0.0054
0.35163
0.0054
0.368126666667
0.0054
0.384623333333
0.0054
0.40112
0.0054
0.417616666667
0.0054
0.434113333333
0.0054
0.45061
0.0054
0.467106666667
0.0054
0.483603333333
0.0054
0.5001
0.0054
0.516596666667
0.0054
0.533093333333
0.0054
0.54959
0.0054
0.566086666667
0.0054
0.582583333333
0.0054
0.59908
0.0054
0.615576666667
0.0054
0.632073333333
0.0054
0.64857
0.0054
0.665066666667
0.0054
0.681563333333
0.0054
0.69806
0.0054
0.714556666667
0.0054
0.731053333333
0.0054
0.74755
0.0054
0.764046666667
0.0054
0.780543333333
0.0054
0.79704
0.0054
0.813536666667
0.0054
0.830033333333
0.0054
0.84653
0.0054
0.863026666667
0.0054
0.879523333333
0.0054
0.89602
0.0054
0.912516666667
0.0054
0.929013333333
0.0054
0.94551
0.0054
0.962006666667
0.0054
0.978503333333
0.0054
0.995
0.0218966666667
0.0052
0.0218966666667
0.0216966666667
0.0218966666667
0.0381933333333
0.0218966666667
0.05469
0.0218966666667
0.0711866666667
0.0218966666667
0.0876833333333
0.0218966666667
0.10418
0.0218966666667
0.120676666667
0.0218966666667
0.137173333333
0.0218966666667
0.15367
0.0218966666667
0.170166666667
0.0218966666667
0.186663333333
0.0218966666667
0.20316
0.0218966666667
0.219656666667
0.0218966666667
0.236153333333
0.0218966666667
0.25265
0.0218966666667
0.269146666667
0.0218966666667
0.285643333333
0.0218966666667
0.30214
0.0218966666667
0.318636666667
0.0218966666667
0.335133333333
0.0218966666667
0.35163
0.0218966666667
0.368126666667
0.0218966666667
0.384623333333
0.0218966666667
0.40112
0.0218966666667
0.417616666667
0.0218966666667
0.434113333333
0.0218966666667
0.45061
0.0218966666667
0.467106666667
0.0218966666667
0.483603333333
0.0218966666667
0.5001
0.0218966666667
0.516596666667
0.0218966666667
0.533093333333
0.0218966666667
0.54959
0.0218966666667
0.566086666667
0.0218966666667
0.582583333333
0.0218966666667
0.59908
0.0218966666667
0.615576666667
0.0218966666667
0.632073333333
0.0218966666667
0.64857
0.0218966666667
0.665066666667
0.0218966666667
0.681563333333
0.0218966666667
0.69806
0.0218966666667
0.714556666667
0.0218966666667
0.731053333333
0.0218966666667
0.74755
0.0218966666667
0.764046666667
0.0218966666667
0.780543333333
0.0218966666667
0.79704
0.0218966666667
0.813536666667
0.0218966666667
0.830033333333
0.0218966666667
0.84653
0.0218966666667
0.863026666667
0.0218966666667
0.879523333333
0.0218966666667
0.89602
0.0218966666667
0.912516666667
0.0218966666667
0.929013333333
0.0218966666667
0.94551
0.0218966666667
0.962006666667
0.0218966666667
0.978503333333
0.0218966666667
0.995
0.0383933333333
0.0052
0.0383933333333
0.0216966666667
0.0383933333333
0.0381933333333
0.0383933333333
0.05469
0.0383933333333
0.0711866666667
0.0383933333333
0.0876833333333
0.0383933333333
0.10418
0.0383933333333
0.120676666667
0.0383933333333
0.137173333333
0.0383933333333
0.15367
0.0383933333333
0.170166666667
0.0383933333333
0.186663333333
0.0383933333333
0.20316
0.0383933333333
0.219656666667
0.0383933333333
0.236153333333
0.0383933333333
0.25265
0.0383933333333
0.269146666667
0.0383933333333
0.285643333333
0.0383933333333
0.30214
0.0383933333333
0.318636666667
0.0383933333333
0.335133333333
0.0383933333333
0.35163
0.0383933333333
0.368126666667
0.0383933333333
0.384623333333
0.0383933333333
0.40112
0.0383933333333
0.417616666667
0.0383933333333
0.434113333333
0.0383933333333
0.45061
0.0383933333333
0.467106666667
0.0383933333333
0.483603333333
0.0383933333333
0.5001
0.0383933333333
0.516596666667
0.0383933333333
0.533093333333
0.0383933333333
0.54959
0.0383933333333
0.566086666667
0.0383933333333
0.582583333333
0.0383933333333
0.59908
0.0383933333333
0.615576666667
0.0383933333333
0.632073333333
0.0383933333333
0.64857
0.0383933333333
0.665066666667
0.0383933333333
0.681563333333
0.0383933333333
0.69806
0.0383933333333
0.714556666667
0.0383933333333
0.731053333333
0.0383933333333
0.74755
0.0383933333333
0.764046666667
0.0383933333333
0.780543333333
0.0383933333333
0.79704
0.0383933333333
0.813536666667
0.0383933333333
0.830033333333
0.0383933333333
0.84653
0.0383933333333
0.863026666667
0.0383933333333
0.879523333333
0.0383933333333
0.89602
0.0383933333333
0.912516666667
0.0383933333333
0.929013333333
0.0383933333333
0.94551
0.0383933333333
0.962006666667
0.0383933333333
0.978503333333
0.0383933333333
0.995
0.05489
0.0052
0.05489
0.0216966666667
0.05489
0.0381933333333
0.05489
0.05469
0.05489
0.0711866666667
0.05489
0.0876833333333
0.05489
0.10418
0.05489
0.120676666667
0.05489
0.137173333333
0.05489
0.15367
0.05489
0.170166666667
0.05489
0.186663333333
0.05489
0.20316
0.05489
0.219656666667
0.05489
0.236153333333
0.05489
0.25265
0.05489
0.269146666667
0.05489
0.285643333333
0.05489
0.30214
0.05489
0.318636666667
0.05489
0.335133333333
0.05489
0.35163
0.05489
0.368126666667
0.05489
0.384623333333
0.05489
0.40112
0.05489
0.417616666667
0.05489
0.434113333333
0.05489
0.45061
0.05489
0.467106666667
0.05489
0.483603333333
0.05489
0.5001
0.05489
0.516596666667
0.05489
0.533093333333
0.05489
0.54959
0.05489
0.566086666667
0.05489
0.582583333333
0.05489
0.59908
0.05489
0.615576666667
0.05489
0.632073333333
0.05489
0.64857
0.05489
0.665066666667
0.05489
0.681563333333
0.05489
0.69806
0.05489
0.714556666667
0.05489
0.731053333333
0.05489
0.74755
0.05489
0.764046666667
0.05489
0.780543333333
0.05489
0.79704
0.05489
0.813536666667
0.05489
0.830033333333
0.05489
0.84653
0.05489
0.863026666667
0.05489
0.879523333333
0.05489
0.89602
0.05489
0.912516666667
0.05489
0.929013333333
0.05489
0.94551
0.05489
0.962006666667
0.05489
0.978503333333
0.05489
0.995
0.0713866666667
0.0052
0.0713866666667
0.0216966666667
0.0713866666667
0.0381933333333
0.0713866666667
0.05469
0.0713866666667
0.0711866666667
0.0713866666667
0.0876833333333
0.0713866666667
0.10418
0.0713866666667
0.120676666667
0.0713866666667
0.137173333333
0.0713866666667
0.15367
0.0713866666667
0.170166666667
0.0713866666667
0.186663333333
0.0713866666667
0.20316
0.0713866666667
0.219656666667
0.0713866666667
0.236153333333
0.0713866666667
0.25265
0.0713866666667
0.269146666667
0.0713866666667
0.285643333333
0.0713866666667
0.30214
0.0713866666667
0.318636666667
0.0713866666667
0.335133333333
0.0713866666667
0.35163
0.0713866666667
0.368126666667
0.0713866666667
0.384623333333
0.0713866666667
0.40112
0.0713866666667
0.417616666667
0.0713866666667
0.434113333333
0.0713866666667
0.45061
0.0713866666667
0.467106666667
0.0713866666667
0.483603333333
0.0713866666667
0.5001
0.0713866666667
0.516596666667
0.0713866666667
0.533093333333
0.0713866666667
0.54959
0.0713866666667
0.566086666667
0.0713866666667
0.582583333333
0.0713866666667
0.59908
0.0713866666667
0.615576666667
0.0713866666667
0.632073333333
0.0713866666667
0.64857
0.0713866666667
0.665066666667
0.0713866666667
0.681563333333
0.0713866666667
0.69806
0.0713866666667
0.714556666667
0.0713866666667
0.731053333333
0.0713866666667
0.74755
0.0713866666667
0.764046666667
0.0713866666667
0.780543333333
0.0713866666667
0.79704
0.0713866666667
0.813536666667
0.0713866666667
0.830033333333
0.0713866666667
0.84653
0.0713866666667
0.863026666667
0.0713866666667
0.879523333333
0.0713866666667
0.89602
0.0713866666667
0.912516666667
0.0713866666667
0.929013333333
0.0713866666667
0.94551
0.0713866666667
0.962006666667
0.0713866666667
0.978503333333
0.0713866666667
0.995
0.0878833333333
0.0052
0.0878833333333
0.0216966666667
0.0878833333333
0.0381933333333
0.0878833333333
0.05469
0.0878833333333
0.0711866666667
0.0878833333333
0.0876833333333
0.0878833333333
0.10418
0.0878833333333
0.120676666667
0.0878833333333
0.137173333333
0.0878833333333
0.15367
0.0878833333333
0.170166666667
0.0878833333333
0.186663333333
0.0878833333333
0.20316
0.0878833333333
0.219656666667
0.0878833333333
0.236153333333
0.0878833333333
0.25265
0.0878833333333
0.269146666667
0.0878833333333
0.285643333333
0.0878833333333
0.30214
0.0878833333333
0.318636666667
0.0878833333333
0.335133333333
0.0878833333333
0.35163
0.0878833333333
0.368126666667
0.0878833333333
0.384623333333
0.0878833333333
0.40112
0.0878833333333
0.417616666667
0.0878833333333
0.434113333333
0.0878833333333
0.45061
0.0878833333333
0.467106666667
0.0878833333333
0.483603333333
0.0878833333333
0.5001
0.0878833333333
0.516596666667
0.0878833333333
0.533093333333
0.0878833333333
0.54959
0.0878833333333
0.566086666667
0.0878833333333
0.582583333333
0.0878833333333
0.59908
0.0878833333333
0.615576666667
0.0878833333333
0.632073333333
0.0878833333333
0.64857
0.0878833333333
0.665066666667
0.0878833333333
0.681563333333
0.0878833333333
0.69806
0.0878833333333
0.714556666667
0.0878833333333
0.731053333333
0.0878833333333
0.74755
0.0878833333333
0.764046666667
0.0878833333333
0.780543333333
0.0878833333333
0.79704
0.0878833333333
0.813536666667
0.0878833333333
0.830033333333
0.0878833333333
0.84653
0.0878833333333
0.863026666667
0.0878833333333
0.879523333333
0.0878833333333
0.89602
0.0878833333333
0.912516666667
0.0878833333333
0.929013333333
0.0878833333333
0.94551
0.0878833333333
0.962006666667
0.0878833333333
0.978503333333
0.0878833333333
0.995
0.10438
0.0052
0.10438
0.0216966666667
0.10438
0.0381933333333
0.10438
0.05469
0.10438
0.0711866666667
0.10438
0.0876833333333
0.10438
0.10418
0.10438
0.120676666667
0.10438
0.137173333333
0.10438
0.15367
0.10438
0.170166666667
0.10438
0.186663333333
0.10438
0.20316
0.10438
0.219656666667
0.10438
0.236153333333
0.10438
0.25265
0.10438
0.269146666667
0.10438
0.285643333333
0.10438
0.30214
0.10438
0.318636666667
0.10438
0.335133333333
0.10438
0.35163
0.10438
0.368126666667
0.10438
0.384623333333
0.10438
0.40112
0.10438
0.417616666667
0.10438
0.434113333333
0.10438
0.45061
0.10438
0.467106666667
0.10438
0.483603333333
0.10438
0.5001
0.10438
0.516596666667
0.10438
0.533093333333
0.10438
0.54959
0.10438
0.566086666667
0.10438
0.582583333333
0.10438
0.59908
0.10438
0.615576666667
0.10438
0.632073333333
0.10438
0.64857
0.10438
0.665066666667
0.10438
0.681563333333
0.10438
0.69806
0.10438
0.714556666667
0.10438
0.731053333333
0.10438
0.74755
0.10438
0.764046666667
0.10438
0.780543333333
0.10438
0.79704
0.10438
0.813536666667
0.10438
0.830033333333
0.10438
0.84653
0.10438
0.863026666667
0.10438
0.879523333333
0.10438
0.89602
0.10438
0.912516666667
0.10438
0.929013333333
0.10438
0.94551
0.10438
0.962006666667
0.10438
0.978503333333
0.10438
0.995
0.120876666667
0.0052
0.120876666667
0.0216966666667
0.120876666667
0.0381933333333
0.120876666667
0.05469
0.120876666667
0.0711866666667
0.120876666667
0.0876833333333
0.120876666667
0.10418
0.120876666667
0.120676666667
0.120876666667
0.137173333333
0.120876666667
0.15367
0.120876666667
0.170166666667
0.120876666667
0.186663333333
0.120876666667
0.20316
0.120876666667
0.219656666667
0.120876666667
0.236153333333
0.120876666667
0.25265
0.120876666667
0.269146666667
0.120876666667
0.285643333333
0.120876666667
0.30214
0.120876666667
0.318636666667
0.120876666667
0.335133333333
0.120876666667
0.35163
0.120876666667
0.368126666667
0.120876666667
0.384623333333
0.120876666667
0.40112
0.120876666667
0.417616666667
0.120876666667
0.434113333333
0.120876666667
0.45061
0.120876666667
0.467106666667
0.120876666667
0.483603333333
0.120876666667
0.5001
0.120876666667
0.516596666667
0.120876666667
0.533093333333
0.120876666667
0.54959
0.120876666667
0.566086666667
0.120876666667
0.582583333333
0.120876666667
0.59908
0.120876666667
0.615576666667
0.120876666667
0.632073333333
0.120876666667
0.64857
0.120876666667
0.665066666667
0.120876666667
0.681563333333
0.120876666667
0.69806
0.120876666667
0.714556666667
0.120876666667
0.731053333333
0.120876666667
0.74755
0.120876666667
0.764046666667
0.120876666667
0.780543333333
0.120876666667
0.79704
0.120876666667
0.813536666667
0.120876666667
0.830033333333
0.120876666667
0.84653
0.120876666667
0.863026666667
0.120876666667
0.879523333333
0.120876666667
0.89602
0.120876666667
0.912516666667
0.120876666667
0.929013333333
0.120876666667
0.94551
0.120876666667
0.962006666667
0.120876666667
0.978503333333
0.120876666667
0.995
0.137373333333
0.0052
0.137373333333
0.0216966666667
0.137373333333
0.0381933333333
0.137373333333
0.05469
0.137373333333
0.0711866666667
0.137373333333
0.0876833333333
0.137373333333
0.10418
0.137373333333
0.120676666667
0.137373333333
0.137173333333
0.137373333333
0.15367
0.137373333333
0.170166666667
0.137373333333
0.186663333333
0.137373333333
0.20316
0.137373333333
0.219656666667
0.137373333333
0.236153333333
0.137373333333
0.25265
0.137373333333
0.269146666667
0.137373333333
0.285643333333
0.137373333333
0.30214
0.137373333333
0.318636666667
0.137373333333
0.335133333333
0.137373333333
0.35163
0.137373333333
0.368126666667
0.137373333333
0.384623333333
0.137373333333
0.40112
0.137373333333
0.417616666667
0.137373333333
0.434113333333
0.137373333333
0.45061
0.137373333333
0.467106666667
0.137373333333
0.483603333333
0.137373333333
0.5001
0.137373333333
0.516596666667
0.137373333333
0.533093333333
0.137373333333
0.54959
0.137373333333
0.566086666667
0.137373333333
0.582583333333
0.137373333333
0.59908
0.137373333333
0.615576666667
0.137373333333
0.632073333333
0.137373333333
0.64857
0.137373333333
0.665066666667
0.137373333333
0.681563333333
0.137373333333
0.69806
0.137373333333
0.714556666667
0.137373333333
0.731053333333
0.137373333333
0.74755
0.137373333333
0.764046666667
0.137373333333
0.780543333333
0.137373333333
0.79704
0.137373333333
0.813536666667
0.137373333333
0.830033333333
0.137373333333
0.84653
0.137373333333
0.863026666667
0.137373333333
0.879523333333
0.137373333333
0.89602
0.137373333333
0.912516666667
0.137373333333
0.929013333333
0.137373333333
0.94551
0.137373333333
0.962006666667
0.137373333333
0.978503333333
0.137373333333
0.995
0.15387
0.0052
0.15387
0.0216966666667
0.15387
0.0381933333333
0.15387
0.05469
0.15387
0.0711866666667
0.15387
0.0876833333333
0.15387
0.10418
0.15387
0.120676666667
0.15387
0.137173333333
0.15387
0.15367
0.15387
0.170166666667
0.15387
0.186663333333
0.15387
0.20316
0.15387
0.219656666667
0.15387
0.236153333333
0.15387
0.25265
0.15387
0.269146666667
0.15387
0.285643333333
0.15387
0.30214
0.15387
0.318636666667
0.15387
0.335133333333
0.15387
0.35163
0.15387
0.368126666667
0.15387
0.384623333333
0.15387
0.40112
0.15387
0.417616666667
0.15387
0.434113333333
0.15387
0.45061
0.15387
0.467106666667
0.153759776771
0.483598084608
0.153758
0.5001
0.153759776771
0.516601915392
0.15387
0.533093333333
0.15387
0.54959
0.15387
0.566086666667
0.15387
0.582583333333
0.15387
0.59908
0.15387
0.615576666667
0.15387
0.632073333333
0.15387
0.64857
0.15387
0.665066666667
0.15387
0.681563333333
0.15387
0.69806
0.15387
0.714556666667
0.15387
0.731053333333
0.15387
0.74755
0.15387
0.764046666667
0.15387
0.780543333333
0.15387
0.79704
0.15387
0.813536666667
0.15387
0.830033333333
0.15387
0.84653
0.15387
0.863026666667
0.15387
0.879523333333
0.15387
0.89602
0.15387
0.912516666667
0.15387
0.929013333333
0.15387
0.94551
0.15387
0.962006666667
0.15387
0.978503333333
0.15387
0.995
0.170366666667
0.0052
0.170366666667
0.0216966666667
0.170366666667
0.0381933333333
0.170366666667
0.05469
0.170366666667
0.0711866666667
0.170366666667
0.0876833333333
0.170366666667
0.10418
0.170366666667
0.120676666667
0.170366666667
0.137173333333
0.170366666667
0.15367
0.170366666667
0.170166666667
0.170366666667
0.186663333333
0.170366666667
0.20316
0.170366666667
0.219656666667
0.170366666667
0.236153333333
0.170366666667
0.25265
0.170366666667
0.269146666667
0.170366666667
0.285643333333
0.170366666667
0.30214
0.170366666667
0.318636666667
0.170366666667
0.335133333333
0.170366666667
0.35163
0.170366666667
0.368126666667
0.170366666667
0.384623333333
0.170251510259
0.401085453078
0.170232659778
0.417583164944
0.170217054439
0.434083410888
0.170204799887
0.450585719983
0.170195982311
0.467089598231
0.170190665557
0.483594533278
0.170188888889
0.5001
0.170190665557
0.516605466722
0.170195982311
0.533110401769
0.170204799887
0.549614280017
0.170217054439
0.566116589112
0.170232659778
0.582616835056
0.170251510259
0.599114546922
0.170366666667
0.615576666667
0.170366666667
0.632073333333
0.170366666667
0.64857
0.170366666667
0.665066666667
0.170366666667
0.681563333333
0.170366666667
0.69806
0.170366666667
0.714556666667
0.170366666667
0.731053333333
0.170366666667
0.74755
0.170366666667
0.764046666667
0.170366666667
0.780543333333
0.170366666667
0.79704
0.170366666667
0.813536666667
0.170366666667
0.830033333333
0.170366666667
0.84653
0.170366666667
0.863026666667
0.170366666667
0.879523333333
0.170366666667
0.89602
0.170366666667
0.912516666667
0.170366666667
0.929013333333
0.170366666667
0.94551
0.170366666667
0.962006666667
0.170366666667
0.978503333333
0.170366666667
0.995
0.186863333333
0.0052
0.186863333333
0.0216966666667
0.186863333333
0.0381933333333
0.186863333333
0.05469
0.186863333333
0.0711866666667
0.186863333333
0.0876833333333
0.186863333333
0.10418
0.186863333333
0.120676666667
0.186863333333
0.137173333333
0.186863333333
0.15367
0.186863333333
0.170166666667
0.186863333333
0.186663333333
0.186863333333
0.20316
0.186863333333
0.219656666667
0.186863333333
0.236153333333
0.186863333333
0.25265
0.186863333333
0.269146666667
0.186863333333
0.285643333333
0.186863333333
0.30214
0.186863333333
0.318636666667
0.186863333333
0.335133333333
0.186763607555
0.351582761473
0.186736026789
0.368073063911
0.186711229077
0.384567294923
0.186689368242
0.401065063655
0.186703170717
0.41757451861
0.186692794415
0.434077430403
0.186684638038
0.450581784953
0.186678764718
0.467087238391
0.186675221403
0.483593432705
0.186674037037
0.5001
0.186675221403
0.516606567295
0.186678764718
0.533112761609
0.186684638038
0.549618215047
0.186692794415
0.566122569597
0.186703170717
0.58262548139
0.186689368242
0.599134936345
0.186711229077
0.615632705077
0.186736026789
0.632126936089
0.186763607555
0.648617238527
0.186863333333
0.665066666667
0.186863333333
0.681563333333
0.186863333333
0.69806
0.186863333333
0.714556666667
0.186863333333
0.731053333333
0.186863333333
0.74755
0.186863333333
0.764046666667
0.186863333333
0.780543333333
0.186863333333
0.79704
0.186863333333
0.813536666667
0.186863333333
0.830033333333
0.186863333333
0.84653
0.186863333333
0.863026666667
0.186863333333
0.879523333333
0.186863333333
0.89602
0.186863333333
0.912516666667
0.186863333333
0.929013333333
0.186863333333
0.94551
0.186863333333
0.962006666667
0.186863333333
0.978503333333
0.186863333333
0.995
0.20336
0.0052
0.20336
0.0216966666667
0.20336
0.0381933333333
0.20336
0.05469
0.20336
0.0711866666667
0.20336
0.0876833333333
0.20336
0.10418
0.20336
0.120676666667
0.20336
0.137173333333
0.20336
0.15367
0.20336
0.170166666667
0.20336
0.186663333333
0.20336
0.20316
0.20336
0.219656666667
0.20336
0.236153333333
0.20336
0.25265
0.20336
0.269146666667
0.20336
0.285643333333
0.20336
0.30214
0.20336
0.318636666667
0.203237840658
0.335065467032
0.203207975155
0.351553987578
0.203180653799
0.368046957244
0.203194030204
0.384558789524
0.203179543081
0.401059847694
0.203167079112
0.417563077531
0.20315673446
0.434068163213
0.20305648401
0.450559414002
0.203041815496
0.467071312833
0.20303296068
0.483585164482
0.20303
0.5001
0.20303296068
0.516614835518
0.203041815496
0.533128687167
0.20305648401
0.549640585998
0.20315673446
0.566131836787
0.203167079112
0.582636922469
0.203179543081
0.599140152306
0.203194030204
0.615641210476
0.203180653799
0.632153042756
0.203207975155
0.648646012422
0.203237840658
0.665134532968
0.20336
0.681563333333
0.20336
0.69806
0.20336
0.714556666667
0.20336
0.731053333333
0.20336
0.74755
0.20336
0.764046666667
0.20336
0.780543333333
0.20336
0.79704
0.20336
0.813536666667
0.20336
0.830033333333
0.20336
0.84653
0.20336
0.863026666667
0.20336
0.879523333333
0.20336
0.89602
0.20336
0.912516666667
0.20336
0.929013333333
0.20336
0.94551
0.20336
0.962006666667
0.20336
0.978503333333
0.20336
0.995
0.219856666667
0.0052
0.219856666667
0.0216966666667
0.219856666667
0.0381933333333
0.219856666667
0.05469
0.219856666667
0.0711866666667
0.219856666667
0.0876833333333
0.219856666667
0.10418
0.219856666667
0.120676666667
0.219856666667
0.137173333333
0.219856666667
0.15367
0.219856666667
0.170166666667
0.219856666667
0.186663333333
0.219856666667
0.20316
0.219856666667
0.219656666667
0.219856666667
0.236153333333
0.219856666667
0.25265
0.219856666667
0.269146666667
0.219856666667
0.285643333333
0.219754434079
0.302067835821
0.219720573385
0.318548606308
0.219688817457
0.335034598504
0.219696781402
0.35154535486
0.219678765338
0.368042948394
0.21966250506
0.384543384437
0.219547796198
0.401010986893
0.219516797141
0.417516705041
0.219491028067
0.434027300722
0.219470721485
0.450541892027
0.219456070383
0.467059537692
0.219447219664
0.483579248216
0.219444259259
0.5001
0.219447219664
0.516620751784
0.219456070383
0.533140462308
0.219470721485
0.549658107973
0.219491028067
0.566172699278
0.219516797141
0.582683294959
0.219547796198
0.599189013107
0.21966250506
0.615656615563
0.219678765338
0.632157051606
0.219696781402
0.64865464514
0.219688817457
0.665165401496
0.219720573385
0.681651393692
0.219754434079
0.698132164179
0.219856666667
0.714556666667
0.219856666667
0.731053333333
0.219856666667
0.74755
0.219856666667
0.764046666667
0.219856666667
0.780543333333
0.219856666667
0.79704
0.219856666667
0.813536666667
0.219856666667
0.830033333333
0.219856666667
0.84653
0.219856666667
0.863026666667
0.219856666667
0.879523333333
0.219856666667
0.89602
0.219856666667
0.912516666667
0.219856666667
0.929013333333
0.219856666667
0.94551
0.219856666667
0.962006666667
0.219856666667
0.978503333333
0.219856666667
0.995
0.236353333333
0.0052
0.236353333333
0.0216966666667
0.236353333333
0.0381933333333
0.236353333333
0.05469
0.236353333333
0.0711866666667
0.236353333333
0.0876833333333
0.236353333333
0.10418
0.236353333333
0.120676666667
0.236353333333
0.137173333333
0.236353333333
0.15367
0.236353333333
0.170166666667
0.236353333333
0.186663333333
0.236353333333
0.20316
0.236353333333
0.219656666667
0.236353333333
0.236153333333
0.236353333333
0.25265
0.236353333333
0.269146666667
0.236246127822
0.285556228856
0.236211111111
0.302033333333
0.236209721613
0.318537933609
0.236188918273
0.33503057392
0.236169560785
0.351526627941
0.236049432303
0.367974716151
0.236009202887
0.384472776263
0.235973529599
0.4009775736
0.235827561321
0.417452362913
0.23578137344
0.43397034336
0.235744918715
0.450495922259
0.235718583978
0.467027322997
0.235702661468
0.483562666342
0.235697333333
0.5001
0.235702661468
0.516637333658
0.235718583978
0.533172677003
0.235744918715
0.549704077741
0.23578137344
0.56622965664
0.235827561321
0.582747637087
0.235973529599
0.5992224264
0.236009202887
0.615727223737
0.236049432303
0.632225283849
0.236169560785
0.648673372059
0.236188918273
0.66516942608
0.236209721613
0.681662066391
0.236211111111
0.698166666667
0.236246127822
0.714643771144
0.236353333333
0.731053333333
0.236353333333
0.74755
0.236353333333
0.764046666667
0.236353333333
0.780543333333
0.236353333333
0.79704
0.236353333333
0.813536666667
0.236353333333
0.830033333333
0.236353333333
0.84653
0.236353333333
0.863026666667
0.236353333333
0.879523333333
0.236353333333
0.89602
0.236353333333
0.912516666667
0.236353333333
0.929013333333
0.236353333333
0.94551
0.236353333333
0.962006666667
0.236353333333
0.978503333333
0.236353333333
0.995
0.25285
0.0052
0.25285
0.0216966666667
0.25285
0.0381933333333
0.25285
0.05469
0.25285
0.0711866666667
0.25285
0.0876833333333
0.25285
0.10418
0.25285
0.120676666667
0.25285
0.137173333333
0.25285
0.15367
0.25285
0.170166666667
0.25285
0.186663333333
0.25285
0.20316
0.25285
0.219656666667
0.25285
0.236153333333
0.25285
0.25265
0.252744308508
0.269048021274
0.25270863644
0.285520818248
0.252707999919
0.302026399935
0.252686371564
0.31851667248
0.252577467234
0.334951644822
0.252529920505
0.351437952303
0.252486111111
0.367932592593
0.252323471257
0.38437761992
0.252259879107
0.400883951643
0.252204822128
0.417401607376
0.252158867951
0.433929031454
0.252403052293
0.450520610459
0.252405973405
0.467047463121
0.252407741398
0.483573849427
0.252408333333
0.5001
0.252407741398
0.516626150573
0.252405973405
0.533152536879
0.252403052293
0.549679389541
0.252158867951
0.566270968546
0.252204822128
0.582798392624
0.252259879107
0.599316048357
0.252323471257
0.61582238008
0.252486111111
0.632267407407
0.252529920505
0.648762047697
0.252577467234
0.665248355178
0.252686371564
0.68168332752
0.252707999919
0.698173600065
0.25270863644
0.714679181752
0.252744308508
0.731151978726
0.25285
0.74755
0.25285
0.764046666667
0.25285
0.780543333333
0.25285
0.79704
0.25285
0.813536666667
0.25285
0.830033333333
0.25285
0.84653
0.25285
0.863026666667
0.25285
0.879523333333
0.25285
0.89602
0.25285
0.912516666667
0.25285
0.929013333333
0.25285
0.94551
0.25285
0.962006666667
0.25285
0.978503333333
0.25285
0.995
0.269346666667
0.0052
0.269346666667
0.0216966666667
0.269346666667
0.0381933333333
0.269346666667
0.05469
0.269346666667
0.0711866666667
0.269346666667
0.0876833333333
0.269346666667
0.10418
0.269346666667
0.120676666667
0.269346666667
0.137173333333
0.269346666667
0.15367
0.269346666667
0.170166666667
0.269346666667
0.186663333333
0.269346666667
0.20316
0.269346666667
0.219656666667
0.269346666667
0.236153333333
0.269248021274
0.252544308508
0.269212216385
0.269012216385
0.269210668739
0.285517049544
0.269188571247
0.30200448964
0.269073780228
0.318422255893
0.269024015452
0.33490286818
0.268868735335
0.35132275843
0.268791260981
0.367809291989
0.268720769726
0.384310384863
0.268930602492
0.400941686782
0.268936666711
0.417470238111
0.268941741538
0.43399764044
0.268945763562
0.450524092192
0.268948678639
0.467049811234
0.268950445198
0.4835750318
0.268951037037
0.5001
0.268950445198
0.5166249682
0.268948678639
0.533150188766
0.268945763562
0.549675907808
0.268941741538
0.56620235956
0.268936666711
0.582729761889
0.268930602492
0.599258313218
0.268720769726
0.615889615137
0.268791260981
0.632390708011
0.268868735335
0.64887724157
0.269024015452
0.66529713182
0.269073780228
0.681777744107
0.269188571247
0.69819551036
0.269210668739
0.714682950456
0.269212216385
0.731187783615
0.269248021274
0.747655691492
0.269346666667
0.764046666667
0.269346666667
0.780543333333
0.269346666667
0.79704
0.269346666667
0.813536666667
0.269346666667
0.830033333333
0.269346666667
0.84653
0.269346666667
0.863026666667
0.269346666667
0.879523333333
0.269346666667
0.89602
0.269346666667
0.912516666667
0.269346666667
0.929013333333
0.269346666667
0.94551
0.269346666667
0.962006666667
0.269346666667
0.978503333333
0.269346666667
0.995
0.285843333333
0.0052
0.285843333333
0.0216966666667
0.285843333333
0.0381933333333
0.285843333333
0.05469
0.285843333333
0.0711866666667
0.285843333333
0.0876833333333
0.285843333333
0.10418
0.285843333333
0.120676666667
0.285843333333
0.137173333333
0.285843333333
0.15367
0.285843333333
0.170166666667
0.285843333333
0.186663333333
0.285843333333
0.20316
0.285843333333
0.219656666667
0.285756228856
0.236046127822
0.285720818248
0.25250863644
0.285717049544
0.269010668739
0.285694856811
0.285494856811
0.285581257648
0.301898083983
0.285530226802
0.318371730371
0.285365969099
0.334766130076
0.285284179178
0.351242893277
0.2854564828
0.3678886048
0.285464179022
0.38441917332
0.285471066164
0.400948184384
0.285477066314
0.417475794736
0.285482103269
0.434002185621
0.285486106213
0.450527562972
0.285489013862
0.467052155979
0.285490778652
0.483576213742
0.28549137037
0.5001
0.285490778652
0.516623786258
0.285489013862
0.533147844021
0.285486106213
0.549672437028
0.285482103269
0.566197814379
0.285477066314
0.582724205264
0.285471066164
0.599251815616
0.285464179022
0.61578082668
0.2854564828
0.6323113952
0.285284179178
0.648957106723
0.285365969099
0.665433869924
0.285530226802
0.681828269629
0.285581257648
0.698301916017
0.285694856811
0.714705143189
0.285717049544
0.731189331261
0.285720818248
0.74769136356
0.285756228856
0.764153872178
0.285843333333
0.780543333333
0.285843333333
0.79704
0.285843333333
0.813536666667
0.285843333333
0.830033333333
0.285843333333
0.84653
0.285843333333
0.863026666667
0.285843333333
0.879523333333
0.285843333333
0.89602
0.285843333333
0.912516666667
0.285843333333
0.929013333333
0.285843333333
0.94551
0.285843333333
0.962006666667
0.285843333333
0.978503333333
0.285843333333
0.995
0.30234
0.0052
0.30234
0.0216966666667
0.30234
0.0381933333333
0.30234
0.05469
0.30234
0.0711866666667
0.30234
0.0876833333333
0.30234
0.10418
0.30234
0.120676666667
0.30234
0.137173333333
0.30234
0.15367
0.30234
0.170166666667
0.30234
0.186663333333
0.30234
0.20316
0.302267835821
0.219554434079
0.302233333333
0.236011111111
0.302226399935
0.252507999919
0.30220448964
0.268988571247
0.302098083983
0.285381257648
0.302046795573
0.301846795573
0.301883689036
0.318218381617
0.301799423917
0.334682853264
0.301986666667
0.351365
0.301994884194
0.367896589463
0.302002418574
0.384426410835
0.302009188866
0.400954594433
0.302015111111
0.417481296296
0.301899492312
0.433966497437
0.301879595867
0.450494898967
0.301865104004
0.467027517334
0.30185629117
0.483563024264
0.301853333333
0.5001
0.30185629117
0.516636975736
0.301865104004
0.533172482666
0.301879595867
0.549705101033
0.301899492312
0.566233502563
0.302015111111
0.582718703704
0.302009188866
0.599245405567
0.302002418574
0.615773589165
0.301994884194
0.632303410537
0.301986666667
0.648835
0.301799423917
0.665517146736
0.301883689036
0.681981618383
0.302046795573
0.698353204427
0.302098083983
0.714818742352
0.30220448964
0.731211428753
0.302226399935
0.747692000081
0.302233333333
0.764188888889
0.302267835821
0.780645565921
0.30234
0.79704
0.30234
0.813536666667
0.30234
0.830033333333
0.30234
0.84653
0.30234
0.863026666667
0.30234
0.879523333333
0.30234
0.89602
0.30234
0.912516666667
0.30234
0.929013333333
0.30234
0.94551
0.30234
0.962006666667
0.30234
0.978503333333
0.30234
0.995
0.318836666667
0.0052
0.318836666667
0.0216966666667
0.318836666667
0.0381933333333
0.318836666667
0.05469
0.318836666667
0.0711866666667
0.318836666667
0.0876833333333
0.318836666667
0.10418
0.318836666667
0.120676666667
0.318836666667
0.137173333333
0.318836666667
0.15367
0.318836666667
0.170166666667
0.318836666667
0.186663333333
0.318836666667
0.20316
0.318748606308
0.219520573385
0.318737933609
0.236009721613
0.31871667248
0.252486371564
0.318622255893
0.268873780228
0.318571730371
0.285330226802
0.318418381617
0.301683689036
0.318333611638
0.318133611638
0.318514523844
0.334840476222
0.318523042223
0.351373398182
0.318531010459
0.367904371243
0.318538351167
0.384433496197
0.318425101363
0.400895509834
0.318395968923
0.41741634951
0.318371306365
0.433944111405
0.318351558796
0.450477697853
0.318356367354
0.467019339519
0.318349328456
0.48355902986
0.318346962963
0.5001
0.318349328456
0.51664097014
0.318356367354
0.533180660481
0.318351558796
0.549722302147
0.318371306365
0.566255888595
0.318395968923
0.58278365049
0.318425101363
0.599304490166
0.318538351167
0.615766503803
0.318531010459
0.632295628757
0.318523042223
0.648826601818
0.318514523844
0.665359523778
0.318333611638
0.682066388362
0.318418381617
0.698516310964
0.318571730371
0.714869773198
0.318622255893
0.731326219772
0.31871667248
0.747713628436
0.318737933609
0.764190278387
0.318748606308
0.780679426615
0.318836666667
0.79704
0.318836666667
0.813536666667
0.318836666667
0.830033333333
0.318836666667
0.84653
0.318836666667
0.863026666667
0.318836666667
0.879523333333
0.318836666667
0.89602
0.318836666667
0.912516666667
0.318836666667
0.929013333333
0.318836666667
0.94551
0.318836666667
0.962006666667
0.318836666667
0.978503333333
0.318836666667
0.995
0.335333333333
0.0052
0.335333333333
0.0216966666667
0.335333333333
0.0381933333333
0.335333333333
0.05469
0.335333333333
0.0711866666667
0.335333333333
0.0876833333333
0.335333333333
0.10418
0.335333333333
0.120676666667
0.335333333333
0.137173333333
0.335333333333
0.15367
0.335333333333
0.170166666667
0.335333333333
0.186663333333
0.335265467032
0.203037840658
0.335234598504
0.219488817457
0.33523057392
0.235988918273
0.335151644822
0.252377467234
0.33510286818
0.268824015452
0.334966130076
0.285165969099
0.334882853264
0.301599423917
0.335040476222
0.318314523844
0.33504905617
0.33484905617
0.335057216308
0.351381494677
0.335064888907
0.367911911126
0.334940018111
0.384348012677
0.334907742447
0.400864645468
0.334896697595
0.417398348797
0.334877260071
0.433930904028
0.334861614531
0.450468484359
0.334850129258
0.467010025852
0.334843105215
0.483554310521
0.334840740741
0.5001
0.334843105215
0.516645689479
0.334850129258
0.533189974148
0.334861614531
0.549731515641
0.334877260071
0.566269095972
0.334896697595
0.582801651203
0.334907742447
0.599335354532
0.334940018111
0.615851987323
0.335064888907
0.632288088874
0.335057216308
0.648818505323
0.33504905617
0.66535094383
0.335040476222
0.681885476156
0.334882853264
0.698600576083
0.334966130076
0.715034030901
0.33510286818
0.731375984548
0.335151644822
0.747822532766
0.33523057392
0.764211081727
0.335234598504
0.780711182543
0.335265467032
0.797162159342
0.335333333333
0.813536666667
0.335333333333
0.830033333333
0.335333333333
0.84653
0.335333333333
0.863026666667
0.335333333333
0.879523333333
0.335333333333
0.89602
0.335333333333
0.912516666667
0.335333333333
0.929013333333
0.335333333333
0.94551
0.335333333333
0.962006666667
0.335333333333
0.978503333333
0.335333333333
0.995
0.35183
0.0052
0.35183
0.0216966666667
0.35183
0.0381933333333
0.35183
0.05469
0.35183
0.0711866666667
0.35183
0.0876833333333
0.35183
0.10418
0.35183
0.120676666667
0.35183
0.137173333333
0.35183
0.15367
0.35183
0.170166666667
0.351782761473
0.186563607555
0.351753987578
0.203007975155
0.35174535486
0.219496781402
0.351726627941
0.235969560785
0.351637952303
0.252329920505
0.35152275843
0.268668735335
0.351442893277
0.285084179178
0.351565
0.301786666667
0.351573398182
0.318323042223
0.351581494677
0.334857216308
0.351589235498
0.351389235498
0.351467218378
0.367804194113
0.35143309356
0.384314628324
0.351421510563
0.400847673709
0.351399280219
0.4173773779
0.351380217933
0.433913430192
0.351515228459
0.450505076153
0.35152663277
0.467039251727
0.351533636901
0.4835704041
0.351536
0.5001
0.351533636901
0.5166295959
0.35152663277
0.533160748273
0.351515228459
0.549694923847
0.351380217933
0.566286569808
0.351399280219
0.5828226221
0.351421510563
0.599352326291
0.35143309356
0.615885371676
0.351467218378
0.632395805887
0.351589235498
0.648810764502
0.351581494677
0.665342783692
0.351573398182
0.681876957777
0.351565
0.698413333333
0.351442893277
0.715115820822
0.35152275843
0.731531264665
0.351637952303
0.747870079495
0.351726627941
0.764230439215
0.35174535486
0.780703218598
0.351753987578
0.797192024845
0.351782761473
0.813636392445
0.35183
0.830033333333
0.35183
0.84653
0.35183
0.863026666667
0.35183
0.879523333333
0.35183
0.89602
0.35183
0.912516666667
0.35183
0.929013333333
0.35183
0.94551
0.35183
0.962006666667
0.35183
0.978503333333
0.35183
0.995
0.368326666667
0.0052
0.368326666667
0.0216966666667
0.368326666667
0.0381933333333
0.368326666667
0.05469
0.368326666667
0.0711866666667
0.368326666667
0.0876833333333
0.368326666667
0.10418
0.368326666667
0.120676666667
0.368326666667
0.137173333333
0.368326666667
0.15367
0.368326666667
0.170166666667
0.368273063911
0.186536026789
0.368246957244
0.202980653799
0.368242948394
0.219478765338
0.368174716151
0.235849432303
0.368132592593
0.252286111111
0.368009291989
0.268591260981
0.3680886048
0.2852564828
0.368096589463
0.301794884194
0.368104371243
0.318331010459
0.368111911126
0.334864888907
0.368004194113
0.351267218378
0.367969686921
0.367769686921
0.367956491456
0.384299430024
0.367932592593
0.400824444444
0.368048874197
0.417443046373
0.368067446873
0.433983723436
0.368082627414
0.45051848528
0.367806127822
0.466976531956
0.367779965546
0.483534995693
0.367771111111
0.5001
0.367779965546
0.516665004307
0.367806127822
0.533223468044
0.368082627414
0.54968151472
0.368067446873
0.566216276564
0.368048874197
0.582756953627
0.367932592593
0.599375555556
0.367956491456
0.615900569976
0.367969686921
0.632430313079
0.368004194113
0.648932781622
0.368111911126
0.665335111093
0.368104371243
0.681868989541
0.368096589463
0.698405115806
0.3680886048
0.7149435172
0.368009291989
0.731608739019
0.368132592593
0.747913888889
0.368174716151
0.764350567697
0.368242948394
0.780721234662
0.368246957244
0.797219346201
0.368273063911
0.813663973211
0.368326666667
0.830033333333
0.368326666667
0.84653
0.368326666667
0.863026666667
0.368326666667
0.879523333333
0.368326666667
0.89602
0.368326666667
0.912516666667
0.368326666667
0.929013333333
0.368326666667
0.94551
0.368326666667
0.962006666667
0.368326666667
0.978503333333
0.368326666667
0.995
0.384823333333
0.0052
0.384823333333
0.0216966666667
0.384823333333
0.0381933333333
0.384823333333
0.05469
0.384823333333
0.0711866666667
0.384823333333
0.0876833333333
0.384823333333
0.10418
0.384823333333
0.120676666667
0.384823333333
0.137173333333
0.384823333333
0.15367
0.384823333333
0.170166666667
0.384767294923
0.186511229077
0.384758789524
0.202994030204
0.384743384437
0.21946250506
0.384672776263
0.235809202887
0.38457761992
0.252123471257
0.384510384863
0.268520769726
0.38461917332
0.285264179022
0.384626410835
0.301802418574
0.384633496197
0.318338351167
0.384548012677
0.334740018111
0.384514628324
0.35123309356
0.384499430024
0.367756491456
0.384475183239
0.384275183239
0.384587381043
0.40091775518
0.384607863576
0.417462759697
0.384344969853
0.433839982773
0.38428940732
0.450381174566
0.384247635897
0.466942181685
0.384221621772
0.483517374539
0.384224703704
0.5001
0.384221621772
0.516682625461
0.384247635897
0.533257818315
0.38428940732
0.549818825434
0.384344969853
0.566360017227
0.384607863576
0.582737240303
0.384587381043
0.59928224482
0.384475183239
0.615924816761
0.384499430024
0.632443508544
0.384514628324
0.64896690644
0.384548012677
0.665459981889
0.384633496197
0.681861648833
0.384626410835
0.698397581426
0.38461917332
0.714935820978
0.384510384863
0.731679230274
0.38457761992
0.748076528743
0.384672776263
0.764390797113
0.384743384437
0.78073749494
0.384758789524
0.797205969796
0.384767294923
0.813688770923
0.384823333333
0.830033333333
0.384823333333
0.84653
0.384823333333
0.863026666667
0.384823333333
0.879523333333
0.384823333333
0.89602
0.384823333333
0.912516666667
0.384823333333
0.929013333333
0.384823333333
0.94551
0.384823333333
0.962006666667
0.384823333333
0.978503333333
0.384823333333
0.995
0.40132
0.0052
0.40132
0.0216966666667
0.40132
0.0381933333333
0.40132
0.05469
0.40132
0.0711866666667
0.40132
0.0876833333333
0.40132
0.10418
0.40132
0.120676666667
0.40132
0.137173333333
0.40132
0.15367
0.401285453078
0.170051510259
0.401265063655
0.186489368242
0.401259847694
0.202979543081
0.401210986893
0.219347796198
0.4011775736
0.235773529599
0.401083951643
0.252059879107
0.401141686782
0.268730602492
0.401148184384
0.285271066164
0.401154594433
0.301809188866
0.401095509834
0.318225101363
0.401064645468
0.334707742447
0.401047673709
0.351221510563
0.401024444444
0.367732592593
0.40111775518
0.384387381043
0.401138640885
0.400938640885
0.400883093299
0.417252577749
0.400819184272
0.433779456181
0.400777838969
0.450338919485
0.400739644619
0.466913214873
0.400715572803
0.483502595467
0.400707333333
0.5001
0.400715572803
0.516697404533
0.400739644619
0.533286785127
0.400777838969
0.549861080515
0.400819184272
0.566420543819
0.400883093299
0.582947422251
0.401138640885
0.599261359115
0.40111775518
0.615812618957
0.401024444444
0.632467407407
0.401047673709
0.648978489437
0.401064645468
0.665492257553
0.401095509834
0.681974898637
0.401154594433
0.698390811134
0.401148184384
0.714928933836
0.401141686782
0.731469397508
0.401083951643
0.748140120893
0.4011775736
0.764426470401
0.401210986893
0.780852203802
0.401259847694
0.797220456919
0.401265063655
0.813710631758
0.401285453078
0.830148489741
0.40132
0.84653
0.40132
0.863026666667
0.40132
0.879523333333
0.40132
0.89602
0.40132
0.912516666667
0.40132
0.929013333333
0.40132
0.94551
0.40132
0.962006666667
0.40132
0.978503333333
0.40132
0.995
0.417816666667
0.0052
0.417816666667
0.0216966666667
0.417816666667
0.0381933333333
0.417816666667
0.05469
0.417816666667
0.0711866666667
0.417816666667
0.0876833333333
0.417816666667
0.10418
0.417816666667
0.120676666667
0.417816666667
0.137173333333
0.417816666667
0.15367
0.417783164944
0.170032659778
0.41777451861
0.186503170717
0.417763077531
0.202967079112
0.417716705041
0.219316797141
0.417652362913
0.235627561321
0.417601607376
0.252004822128
0.417670238111
0.268736666711
0.417675794736
0.285277066314
0.417681296296
0.301815111111
0.41761634951
0.318195968923
0.417598348797
0.334696697595
0.4175773779
0.351199280219
0.417643046373
0.367848874197
0.417662759697
0.384407863576
0.417452577749
0.400683093299
0.417386872694
0.417186872694
0.417339555492
0.433731644394
0.417292086379
0.450295251828
0.417440439561
0.466956175825
0.41744891794
0.483529783588
0.417451851852
0.5001
0.41744891794
0.516670216412
0.417440439561
0.533243824175
0.417292086379
0.549904748172
0.417339555492
0.566468355606
0.417386872694
0.583013127306
0.417452577749
0.599516906701
0.417662759697
0.615792136424
0.417643046373
0.632351125803
0.4175773779
0.649000719781
0.417598348797
0.665503302405
0.41761634951
0.682004031077
0.417681296296
0.698384888889
0.417675794736
0.714922933686
0.417670238111
0.731463333289
0.417601607376
0.748195177872
0.417652362913
0.764572438679
0.417716705041
0.780883202859
0.417763077531
0.797232920888
0.41777451861
0.813696829283
0.417783164944
0.830167340222
0.417816666667
0.84653
0.417816666667
0.863026666667
0.417816666667
0.879523333333
0.417816666667
0.89602
0.417816666667
0.912516666667
0.417816666667
0.929013333333
0.417816666667
0.94551
0.417816666667
0.962006666667
0.417816666667
0.978503333333
0.417816666667
0.995
0.434313333333
0.0052
0.434313333333
0.0216966666667
0.434313333333
0.0381933333333
0.434313333333
0.05469
0.434313333333
0.0711866666667
0.434313333333
0.0876833333333
0.434313333333
0.10418
0.434313333333
0.120676666667
0.434313333333
0.137173333333
0.434313333333
0.15367
0.434283410888
0.170017054439
0.434277430403
0.186492794415
0.434268163213
0.20295673446
0.434227300722
0.219291028067
0.43417034336
0.23558137344
0.434129031454
0.251958867951
0.43419764044
0.268741741538
0.434202185621
0.285282103269
0.434166497437
0.301699492312
0.434144111405
0.318171306365
0.434130904028
0.334677260071
0.434113430192
0.351180217933
0.434183723436
0.367867446873
0.434039982773
0.384144969853
0.433979456181
0.400619184272
0.433931644394
0.417139555492
0.433882114178
0.433682114178
0.434021481481
0.450391111111
0.434033993814
0.466966996907
0.433963946116
0.483515986529
0.433960444444
0.5001
0.433963946116
0.516684013471
0.434033993814
0.533233003093
0.434021481481
0.549808888889
0.433882114178
0.566517885822
0.433931644394
0.583060444508
0.433979456181
0.599580815728
0.434039982773
0.616055030147
0.434183723436
0.632332553127
0.434113430192
0.649019782067
0.434130904028
0.665522739929
0.434144111405
0.682028693635
0.434166497437
0.698500507688
0.434202185621
0.714917896731
0.43419764044
0.731458258462
0.434129031454
0.748241132049
0.43417034336
0.76461862656
0.434227300722
0.780908971933
0.434268163213
0.79724326554
0.434277430403
0.813707205585
0.434283410888
0.830182945561
0.434313333333
0.84653
0.434313333333
0.863026666667
0.434313333333
0.879523333333
0.434313333333
0.89602
0.434313333333
0.912516666667
0.434313333333
0.929013333333
0.434313333333
0.94551
0.434313333333
0.962006666667
0.434313333333
0.978503333333
0.434313333333
0.995
0.45081
0.0052
0.45081
0.0216966666667
0.45081
0.0381933333333
0.45081
0.05469
0.45081
0.0711866666667
0.45081
0.0876833333333
0.45081
0.10418
0.45081
0.120676666667
0.45081
0.137173333333
0.45081
0.15367
0.450785719983
0.170004799887
0.450781784953
0.186484638038
0.450759414002
0.20285648401
0.450741892027
0.219270721485
0.450695922259
0.235544918715
0.450720610459
0.252203052293
0.450724092192
0.268745763562
0.450727562972
0.285286106213
0.450694898967
0.301679595867
0.450677697853
0.318151558796
0.450668484359
0.334661614531
0.450705076153
0.351315228459
0.45071848528
0.367882627414
0.450581174566
0.38408940732
0.450538919485
0.400577838969
0.450495251828
0.417092086379
0.450591111111
0.433821481481
0.450604575277
0.450404575277
0.450536918427
0.466924612285
0.450527461923
0.483509153974
0.450524
0.5001
0.450527461923
0.516690846026
0.450536918427
0.533275387715
0.450604575277
0.549795424723
0.450591111111
0.566378518519
0.450495251828
0.583107913621
0.450538919485
0.599622161031
0.450581174566
0.61611059268
0.45071848528
0.632317372586
0.450705076153
0.648884771541
0.450668484359
0.665538385469
0.450677697853
0.682048441204
0.450694898967
0.698520404133
0.450727562972
0.714913893787
0.450724092192
0.731454236438
0.450720610459
0.747996947707
0.450695922259
0.764655081285
0.450741892027
0.780929278515
0.450759414002
0.79734351599
0.450781784953
0.813715361962
0.450785719983
0.830195200113
0.45081
0.84653
0.45081
0.863026666667
0.45081
0.879523333333
0.45081
0.89602
0.45081
0.912516666667
0.45081
0.929013333333
0.45081
0.94551
0.45081
0.962006666667
0.45081
0.978503333333
0.45081
0.995
0.467306666667
0.0052
0.467306666667
0.0216966666667
0.467306666667
0.0381933333333
0.467306666667
0.05469
0.467306666667
0.0711866666667
0.467306666667
0.0876833333333
0.467306666667
0.10418
0.467306666667
0.120676666667
0.467306666667
0.137173333333
0.467306666667
0.15367
0.467289598231
0.169995982311
0.467287238391
0.186478764718
0.467271312833
0.202841815496
0.467259537692
0.219256070383
0.467227322997
0.235518583978
0.467247463121
0.252205973405
0.467249811234
0.268748678639
0.467252155979
0.285289013862
0.467227517334
0.301665104004
0.467219339519
0.318156367354
0.467210025852
0.334650129258
0.467239251727
0.35132663277
0.467176531956
0.367606127822
0.467142181685
0.384047635897
0.467113214873
0.400539644619
0.467156175825
0.417240439561
0.467166996907
0.433833993814
0.467124612285
0.450336918427
0.467113559852
0.466913559852
0.466898348797
0.483399174399
0.46687037037
0.5001
0.466898348797
0.516800825601
0.467113559852
0.533286440148
0.467124612285
0.549863081573
0.467166996907
0.566366006186
0.467156175825
0.582959560439
0.467113214873
0.599660355381
0.467142181685
0.616152364103
0.467176531956
0.632593872178
0.467239251727
0.64887336723
0.467210025852
0.665549870742
0.467219339519
0.682043632646
0.467227517334
0.698534895996
0.467252155979
0.714910986138
0.467249811234
0.731451321361
0.467247463121
0.747994026595
0.467227322997
0.764681416022
0.467259537692
0.780943929617
0.467271312833
0.797358184504
0.467287238391
0.813721235282
0.467289598231
0.830204017689
0.467306666667
0.84653
0.467306666667
0.863026666667
0.467306666667
0.879523333333
0.467306666667
0.89602
0.467306666667
0.912516666667
0.467306666667
0.929013333333
0.467306666667
0.94551
0.467306666667
0.962006666667
0.467306666667
0.978503333333
0.467306666667
0.995
0.483803333333
0.0052
0.483803333333
0.0216966666667
0.483803333333
0.0381933333333
0.483803333333
0.05469
0.483803333333
0.0711866666667
0.483803333333
0.0876833333333
0.483803333333
0.10418
0.483803333333
0.120676666667
0.483803333333
0.137173333333
0.483798084608
0.153559776771
0.483794533278
0.169990665557
0.483793432705
0.186475221403
0.483785164482
0.20283296068
0.483779248216
0.219247219664
0.483762666342
0.235502661468
0.483773849427
0.252207741398
0.4837750318
0.268750445198
0.483776213742
0.285290778652
0.483763024264
0.30165629117
0.48375902986
0.318149328456
0.483754310521
0.334643105215
0.4837704041
0.351333636901
0.483734995693
0.367579965546
0.483717374539
0.384021621772
0.483702595467
0.400515572803
0.483729783588
0.41724891794
0.483715986529
0.433763946116
0.483709153974
0.450327461923
0.483599174399
0.466698348797
0.483550471915
0.483350471915
0.483633333333
0.5001
0.483550471915
0.516849528085
0.483599174399
0.533501651203
0.483709153974
0.549872538077
0.483715986529
0.566436053884
0.483729783588
0.58295108206
0.483702595467
0.599684427197
0.483717374539
0.616178378228
0.483734995693
0.632620034454
0.4837704041
0.648866363099
0.483754310521
0.665556894785
0.48375902986
0.682050671544
0.483763024264
0.69854370883
0.483776213742
0.714909221348
0.4837750318
0.731449554802
0.483773849427
0.747992258602
0.483762666342
0.764697338532
0.483779248216
0.780952780336
0.483785164482
0.79736703932
0.483793432705
0.813724778597
0.483794533278
0.830209334443
0.483798084608
0.846640223229
0.483803333333
0.863026666667
0.483803333333
0.879523333333
0.483803333333
0.89602
0.483803333333
0.912516666667
0.483803333333
0.929013333333
0.483803333333
0.94551
0.483803333333
0.962006666667
0.483803333333
0.978503333333
0.483803333333
0.995
0.5003
0.0052
0.5003
0.0216966666667
0.5003
0.0381933333333
0.5003
0.05469
0.5003
0.0711866666667
0.5003
0.0876833333333
0.5003
0.10418
0.5003
0.120676666667
0.5003
0.137173333333
0.5003
0.153558
0.5003
0.169988888889
0.5003
0.186474037037
0.5003
0.20283
0.5003
0.219244259259
0.5003
0.235497333333
0.5003
0.252208333333
0.5003
0.268751037037
0.5003
0.28529137037
0.5003
0.301653333333
0.5003
0.318146962963
0.5003
0.334640740741
0.5003
0.351336
0.5003
0.367571111111
0.5003
0.384024703704
0.5003
0.400507333333
0.5003
0.417251851852
0.5003
0.433760444444
0.5003
0.450324
0.5003
0.46667037037
0.5003
0.483433333333
0.5003
0.5001
0.5003
0.516766666667
0.5003
0.53352962963
0.5003
0.549876
0.5003
0.566439555556
0.5003
0.582948148148
0.5003
0.599692666667
0.5003
0.616175296296
0.5003
0.632628888889
0.5003
0.648864
0.5003
0.665559259259
0.5003
0.682053037037
0.5003
0.698546666667
0.5003
0.71490862963
0.5003
0.731448962963
0.5003
0.747991666667
0.5003
0.764702666667
0.5003
0.780955740741
0.5003
0.79737
0.5003
0.813725962963
0.5003
0.830211111111
0.5003
0.846642
0.5003
0.863026666667
0.5003
0.879523333333
0.5003
0.89602
0.5003
0.912516666667
0.5003
0.929013333333
0.5003
0.94551
0.5003
0.962006666667
0.5003
0.978503333333
0.5003
0.995
0.516796666667
0.0052
0.516796666667
0.0216966666667
0.516796666667
0.0381933333333
0.516796666667
0.05469
0.516796666667
0.0711866666667
0.516796666667
0.0876833333333
0.516796666667
0.10418
0.516796666667
0.120676666667
0.516796666667
0.137173333333
0.516801915392
0.153559776771
0.516805466722
0.169990665557
0.516806567295
0.186475221403
0.516814835518
0.20283296068
0.516820751784
0.219247219664
0.516837333658
0.235502661468
0.516826150573
0.252207741398
0.5168249682
0.268750445198
0.516823786258
0.285290778652
0.516836975736
0.30165629117
0.51684097014
0.318149328456
0.516845689479
0.334643105215
0.5168295959
0.351333636901
0.516865004307
0.367579965546
0.516882625461
0.384021621772
0.516897404533
0.400515572803
0.516870216412
0.41724891794
0.516884013471
0.433763946116
0.516890846026
0.450327461923
0.517000825601
0.466698348797
0.517049528085
0.483350471915
0.516966666667
0.5001
0.517049528085
0.516849528085
0.517000825601
0.533501651203
0.516890846026
0.549872538077
0.516884013471
0.566436053884
0.516870216412
0.58295108206
0.516897404533
0.599684427197
0.516882625461
0.616178378228
0.516865004307
0.632620034454
0.5168295959
0.648866363099
0.516845689479
0.665556894785
0.51684097014
0.682050671544
0.516836975736
0.69854370883
0.516823786258
0.714909221348
0.5168249682
0.731449554802
0.516826150573
0.747992258602
0.516837333658
0.764697338532
0.516820751784
0.780952780336
0.516814835518
0.79736703932
0.516806567295
0.813724778597
0.516805466722
0.830209334443
0.516801915392
0.846640223229
0.516796666667
0.863026666667
0.516796666667
0.879523333333
0.516796666667
0.89602
0.516796666667
0.912516666667
0.516796666667
0.929013333333
0.516796666667
0.94551
0.516796666667
0.962006666667
0.516796666667
0.978503333333
0.516796666667
0.995
0.533293333333
0.0052
0.533293333333
0.0216966666667
0.533293333333
0.0381933333333
0.533293333333
0.05469
0.533293333333
0.0711866666667
0.533293333333
0.0876833333333
0.533293333333
0.10418
0.533293333333
0.120676666667
0.533293333333
0.137173333333
0.533293333333
0.15367
0.533310401769
0.169995982311
0.533312761609
0.186478764718
0.533328687167
0.202841815496
0.533340462308
0.219256070383
0.533372677003
0.235518583978
0.533352536879
0.252205973405
0.533350188766
0.268748678639
0.533347844021
0.285289013862
0.533372482666
0.301665104004
0.533380660481
0.318156367354
0.533389974148
0.334650129258
0.533360748273
0.35132663277
0.533423468044
0.367606127822
0.533457818315
0.384047635897
0.533486785127
0.400539644619
0.533443824175
0.417240439561
0.533433003093
0.433833993814
0.533475387715
0.450336918427
0.533486440148
0.466913559852
0.533701651203
0.483399174399
0.53372962963
0.5001
0.533701651203
0.516800825601
0.533486440148
0.533286440148
0.533475387715
0.549863081573
0.533433003093
0.566366006186
0.533443824175
0.582959560439
0.533486785127
0.599660355381
0.533457818315
0.616152364103
0.533423468044
0.632593872178
0.533360748273
0.64887336723
0.533389974148
0.665549870742
0.533380660481
0.682043632646
0.533372482666
0.698534895996
0.533347844021
0.714910986138
0.533350188766
0.731451321361
0.533352536879
0.747994026595
0.533372677003
0.764681416022
0.533340462308
0.780943929617
0.533328687167
0.797358184504
0.533312761609
0.813721235282
0.533310401769
0.830204017689
0.533293333333
0.84653
0.533293333333
0.863026666667
0.533293333333
0.879523333333
0.533293333333
0.89602
0.533293333333
0.912516666667
0.533293333333
0.929013333333
0.533293333333
0.94551
0.533293333333
0.962006666667
0.533293333333
0.978503333333
0.533293333333
0.995
0.54979
0.0052
0.54979
0.0216966666667
0.54979
0.0381933333333
0.54979
0.05469
0.54979
0.0711866666667
0.54979
0.0876833333333
0.54979
0.10418
0.54979
0.120676666667
0.54979
0.137173333333
0.54979
0.15367
0.549814280017
0.170004799887
0.549818215047
0.186484638038
0.549840585998
0.20285648401
0.549858107973
0.219270721485
0.549904077741
0.235544918715
0.549879389541
0.252203052293
0.549875907808
0.268745763562
0.549872437028
0.285286106213
0.549905101033
0.301679595867
0.549922302147
0.318151558796
0.549931515641
0.334661614531
0.549894923847
0.351315228459
0.54988151472
0.367882627414
0.550018825434
0.38408940732
0.550061080515
0.400577838969
0.550104748172
0.417092086379
0.550008888889
0.433821481481
0.549995424723
0.450404575277
0.550063081573
0.466924612285
0.550072538077
0.483509153974
0.550076
0.5001
0.550072538077
0.516690846026
0.550063081573
0.533275387715
0.549995424723
0.549795424723
0.550008888889
0.566378518519
0.550104748172
0.583107913621
0.550061080515
0.599622161031
0.550018825434
0.61611059268
0.54988151472
0.632317372586
0.549894923847
0.648884771541
0.549931515641
0.665538385469
0.549922302147
0.682048441204
0.549905101033
0.698520404133
0.549872437028
0.714913893787
0.549875907808
0.731454236438
0.549879389541
0.747996947707
0.549904077741
0.764655081285
0.549858107973
0.780929278515
0.549840585998
0.79734351599
0.549818215047
0.813715361962
0.549814280017
0.830195200113
0.54979
0.84653
0.54979
0.863026666667
0.54979
0.879523333333
0.54979
0.89602
0.54979
0.912516666667
0.54979
0.929013333333
0.54979
0.94551
0.54979
0.962006666667
0.54979
0.978503333333
0.54979
0.995
0.566286666667
0.0052
0.566286666667
0.0216966666667
0.566286666667
0.0381933333333
0.566286666667
0.05469
0.566286666667
0.0711866666667
0.566286666667
0.0876833333333
0.566286666667
0.10418
0.566286666667
0.120676666667
0.566286666667
0.137173333333
0.566286666667
0.15367
0.566316589112
0.170017054439
0.566322569597
0.186492794415
0.566331836787
0.20295673446
0.566372699278
0.219291028067
0.56642965664
0.23558137344
0.566470968546
0.251958867951
0.56640235956
0.268741741538
0.566397814379
0.285282103269
0.566433502563
0.301699492312
0.566455888595
0.318171306365
0.566469095972
0.334677260071
0.566486569808
0.351180217933
0.566416276564
0.367867446873
0.566560017227
0.384144969853
0.566620543819
0.400619184272
0.566668355606
0.417139555492
0.566717885822
0.433682114178
0.566578518519
0.450391111111
0.566566006186
0.466966996907
0.566636053884
0.483515986529
0.566639555556
0.5001
0.566636053884
0.516684013471
0.566566006186
0.533233003093
0.566578518519
0.549808888889
0.566717885822
0.566517885822
0.566668355606
0.583060444508
0.566620543819
0.599580815728
0.566560017227
0.616055030147
0.566416276564
0.632332553127
0.566486569808
0.649019782067
0.566469095972
0.665522739929
0.566455888595
0.682028693635
0.566433502563
0.698500507688
0.566397814379
0.714917896731
0.56640235956
0.731458258462
0.566470968546
0.748241132049
0.56642965664
0.76461862656
0.566372699278
0.780908971933
0.566331836787
0.79724326554
0.566322569597
0.813707205585
0.566316589112
0.830182945561
0.566286666667
0.84653
0.566286666667
0.863026666667
0.566286666667
0.879523333333
0.566286666667
0.89602
0.566286666667
0.912516666667
0.566286666667
0.929013333333
0.566286666667
0.94551
0.566286666667
0.962006666667
0.566286666667
0.978503333333
0.566286666667
0.995
0.582783333333
0.0052
0.582783333333
0.0216966666667
0.582783333333
0.0381933333333
0.582783333333
0.05469
0.582783333333
0.0711866666667
0.582783333333
0.0876833333333
0.582783333333
0.10418
0.582783333333
0.120676666667
0.582783333333
0.137173333333
0.582783333333
0.15367
0.582816835056
0.170032659778
0.58282548139
0.186503170717
0.582836922469
0.202967079112
0.582883294959
0.219316797141
0.582947637087
0.235627561321
0.582998392624
0.252004822128
0.582929761889
0.268736666711
0.582924205264
0.285277066314
0.582918703704
0.301815111111
0.58298365049
0.318195968923
0.583001651203
0.334696697595
0.5830226221
0.351199280219
0.582956953627
0.367848874197
0.582937240303
0.384407863576
0.583147422251
0.400683093299
0.583213127306
0.417186872694
0.583260444508
0.433731644394
0.583307913621
0.450295251828
0.583159560439
0.466956175825
0.58315108206
0.483529783588
0.583148148148
0.5001
0.58315108206
0.516670216412
0.583159560439
0.533243824175
0.583307913621
0.549904748172
0.583260444508
0.566468355606
0.583213127306
0.583013127306
0.583147422251
0.599516906701
0.582937240303
0.615792136424
0.582956953627
0.632351125803
0.5830226221
0.649000719781
0.583001651203
0.665503302405
0.58298365049
0.682004031077
0.582918703704
0.698384888889
0.582924205264
0.714922933686
0.582929761889
0.731463333289
0.582998392624
0.748195177872
0.582947637087
0.764572438679
0.582883294959
0.780883202859
0.582836922469
0.797232920888
0.58282548139
0.813696829283
0.582816835056
0.830167340222
0.582783333333
0.84653
0.582783333333
0.863026666667
0.582783333333
0.879523333333
0.582783333333
0.89602
0.582783333333
0.912516666667
0.582783333333
0.929013333333
0.582783333333
0.94551
0.582783333333
0.962006666667
0.582783333333
0.978503333333
0.582783333333
0.995
0.59928
0.0052
0.59928
0.0216966666667
0.59928
0.0381933333333
0.59928
0.05469
0.59928
0.0711866666667
0.59928
0.0876833333333
0.59928
0.10418
0.59928
0.120676666667
0.59928
0.137173333333
0.59928
0.15367
0.599314546922
0.170051510259
0.599334936345
0.186489368242
0.599340152306
0.202979543081
0.599389013107
0.219347796198
0.5994224264
0.235773529599
0.599516048357
0.252059879107
0.599458313218
0.268730602492
0.599451815616
0.285271066164
0.599445405567
0.301809188866
0.599504490166
0.318225101363
0.599535354532
0.334707742447
0.599552326291
0.351221510563
0.599575555556
0.367732592593
0.59948224482
0.384387381043
0.599461359115
0.400938640885
0.599716906701
0.417252577749
0.599780815728
0.433779456181
0.599822161031
0.450338919485
0.599860355381
0.466913214873
0.599884427197
0.483502595467
0.599892666667
0.5001
0.599884427197
0.516697404533
0.599860355381
0.533286785127
0.599822161031
0.549861080515
0.599780815728
0.566420543819
0.599716906701
0.582947422251
0.599461359115
0.599261359115
0.59948224482
0.615812618957
0.599575555556
0.632467407407
0.599552326291
0.648978489437
0.599535354532
0.665492257553
0.599504490166
0.681974898637
0.599445405567
0.698390811134
0.599451815616
0.714928933836
0.599458313218
0.731469397508
0.599516048357
0.748140120893
0.5994224264
0.764426470401
0.599389013107
0.780852203802
0.599340152306
0.797220456919
0.599334936345
0.813710631758
0.599314546922
0.830148489741
0.59928
0.84653
0.59928
0.863026666667
0.59928
0.879523333333
0.59928
0.89602
0.59928
0.912516666667
0.59928
0.929013333333
0.59928
0.94551
0.59928
0.962006666667
0.59928
0.978503333333
0.59928
0.995
0.615776666667
0.0052
0.615776666667
0.0216966666667
0.615776666667
0.0381933333333
0.615776666667
0.05469
0.615776666667
0.0711866666667
0.615776666667
0.0876833333333
0.615776666667
0.10418
0.615776666667
0.120676666667
0.615776666667
0.137173333333
0.615776666667
0.15367
0.615776666667
0.170166666667
0.615832705077
0.186511229077
0.615841210476
0.202994030204
0.615856615563
0.21946250506
0.615927223737
0.235809202887
0.61602238008
0.252123471257
0.616089615137
0.268520769726
0.61598082668
0.285264179022
0.615973589165
0.301802418574
0.615966503803
0.318338351167
0.616051987323
0.334740018111
0.616085371676
0.35123309356
0.616100569976
0.367756491456
0.616124816761
0.384275183239
0.616012618957
0.40091775518
0.615992136424
0.417462759697
0.616255030147
0.433839982773
0.61631059268
0.450381174566
0.616352364103
0.466942181685
0.616378378228
0.483517374539
0.616375296296
0.5001
0.616378378228
0.516682625461
0.616352364103
0.533257818315
0.61631059268
0.549818825434
0.616255030147
0.566360017227
0.615992136424
0.582737240303
0.616012618957
0.59928224482
0.616124816761
0.615924816761
0.616100569976
0.632443508544
0.616085371676
0.64896690644
0.616051987323
0.665459981889
0.615966503803
0.681861648833
0.615973589165
0.698397581426
0.61598082668
0.714935820978
0.616089615137
0.731679230274
0.61602238008
0.748076528743
0.615927223737
0.764390797113
0.615856615563
0.78073749494
0.615841210476
0.797205969796
0.615832705077
0.813688770923
0.615776666667
0.830033333333
0.615776666667
0.84653
0.615776666667
0.863026666667
0.615776666667
0.879523333333
0.615776666667
0.89602
0.615776666667
0.912516666667
0.615776666667
0.929013333333
0.615776666667
0.94551
0.615776666667
0.962006666667
0.615776666667
0.978503333333
0.615776666667
0.995
0.632273333333
0.0052
0.632273333333
0.0216966666667
0.632273333333
0.0381933333333
0.632273333333
0.05469
0.632273333333
0.0711866666667
0.632273333333
0.0876833333333
0.632273333333
0.10418
0.632273333333
0.120676666667
0.632273333333
0.137173333333
0.632273333333
0.15367
0.632273333333
0.170166666667
0.632326936089
0.186536026789
0.632353042756
0.202980653799
0.632357051606
0.219478765338
0.632425283849
0.235849432303
0.632467407407
0.252286111111
0.632590708011
0.268591260981
0.6325113952
0.2852564828
0.632503410537
0.301794884194
0.632495628757
0.318331010459
0.632488088874
0.334864888907
0.632595805887
0.351267218378
0.632630313079
0.367769686921
0.632643508544
0.384299430024
0.632667407407
0.400824444444
0.632551125803
0.417443046373
0.632532553127
0.433983723436
0.632517372586
0.45051848528
0.632793872178
0.466976531956
0.632820034454
0.483534995693
0.632828888889
0.5001
0.632820034454
0.516665004307
0.632793872178
0.533223468044
0.632517372586
0.54968151472
0.632532553127
0.566216276564
0.632551125803
0.582756953627
0.632667407407
0.599375555556
0.632643508544
0.615900569976
0.632630313079
0.632430313079
0.632595805887
0.648932781622
0.632488088874
0.665335111093
0.632495628757
0.681868989541
0.632503410537
0.698405115806
0.6325113952
0.7149435172
0.632590708011
0.731608739019
0.632467407407
0.747913888889
0.632425283849
0.764350567697
0.632357051606
0.780721234662
0.632353042756
0.797219346201
0.632326936089
0.813663973211
0.632273333333
0.830033333333
0.632273333333
0.84653
0.632273333333
0.863026666667
0.632273333333
0.879523333333
0.632273333333
0.89602
0.632273333333
0.912516666667
0.632273333333
0.929013333333
0.632273333333
0.94551
0.632273333333
0.962006666667
0.632273333333
0.978503333333
0.632273333333
0.995
0.64877
0.0052
0.64877
0.0216966666667
0.64877
0.0381933333333
0.64877
0.05469
0.64877
0.0711866666667
0.64877
0.0876833333333
0.64877
0.10418
0.64877
0.120676666667
0.64877
0.137173333333
0.64877
0.15367
0.64877
0.170166666667
0.648817238527
0.186563607555
0.648846012422
0.203007975155
0.64885464514
0.219496781402
0.648873372059
0.235969560785
0.648962047697
0.252329920505
0.64907724157
0.268668735335
0.649157106723
0.285084179178
0.649035
0.301786666667
0.649026601818
0.318323042223
0.649018505323
0.334857216308
0.649010764502
0.351389235498
0.649132781622
0.367804194113
0.64916690644
0.384314628324
0.649178489437
0.400847673709
0.649200719781
0.4173773779
0.649219782067
0.433913430192
0.649084771541
0.450505076153
0.64907336723
0.467039251727
0.649066363099
0.4835704041
0.649064
0.5001
0.649066363099
0.5166295959
0.64907336723
0.533160748273
0.649084771541
0.549694923847
0.649219782067
0.566286569808
0.649200719781
0.5828226221
0.649178489437
0.599352326291
0.64916690644
0.615885371676
0.649132781622
0.632395805887
0.649010764502
0.648810764502
0.649018505323
0.665342783692
0.649026601818
0.681876957777
0.649035
0.698413333333
0.649157106723
0.715115820822
0.64907724157
0.731531264665
0.648962047697
0.747870079495
0.648873372059
0.764230439215
0.64885464514
0.780703218598
0.648846012422
0.797192024845
0.648817238527
0.813636392445
0.64877
0.830033333333
0.64877
0.84653
0.64877
0.863026666667
0.64877
0.879523333333
0.64877
0.89602
0.64877
0.912516666667
0.64877
0.929013333333
0.64877
0.94551
0.64877
0.962006666667
0.64877
0.978503333333
0.64877
0.995
0.665266666667
0.0052
0.665266666667
0.0216966666667
0.665266666667
0.0381933333333
0.665266666667
0.05469
0.665266666667
0.0711866666667
0.665266666667
0.0876833333333
0.665266666667
0.10418
0.665266666667
0.120676666667
0.665266666667
0.137173333333
0.665266666667
0.15367
0.665266666667
0.170166666667
0.665266666667
0.186663333333
0.665334532968
0.203037840658
0.665365401496
0.219488817457
0.66536942608
0.235988918273
0.665448355178
0.252377467234
0.66549713182
0.268824015452
0.665633869924
0.285165969099
0.665717146736
0.301599423917
0.665559523778
0.318314523844
0.66555094383
0.33484905617
0.665542783692
0.351381494677
0.665535111093
0.367911911126
0.665659981889
0.384348012677
0.665692257553
0.400864645468
0.665703302405
0.417398348797
0.665722739929
0.433930904028
0.665738385469
0.450468484359
0.665749870742
0.467010025852
0.665756894785
0.483554310521
0.665759259259
0.5001
0.665756894785
0.516645689479
0.665749870742
0.533189974148
0.665738385469
0.549731515641
0.665722739929
0.566269095972
0.665703302405
0.582801651203
0.665692257553
0.599335354532
0.665659981889
0.615851987323
0.665535111093
0.632288088874
0.665542783692
0.648818505323
0.66555094383
0.66535094383
0.665559523778
0.681885476156
0.665717146736
0.698600576083
0.665633869924
0.715034030901
0.66549713182
0.731375984548
0.665448355178
0.747822532766
0.66536942608
0.764211081727
0.665365401496
0.780711182543
0.665334532968
0.797162159342
0.665266666667
0.813536666667
0.665266666667
0.830033333333
0.665266666667
0.84653
0.665266666667
0.863026666667
0.665266666667
0.879523333333
0.665266666667
0.89602
0.665266666667
0.912516666667
0.665266666667
0.929013333333
0.665266666667
0.94551
0.665266666667
0.962006666667
0.665266666667
0.978503333333
0.665266666667
0.995
0.681763333333
0.0052
0.681763333333
0.0216966666667
0.681763333333
0.0381933333333
0.681763333333
0.05469
0.681763333333
0.0711866666667
0.681763333333
0.0876833333333
0.681763333333
0.10418
0.681763333333
0.120676666667
0.681763333333
0.137173333333
0.681763333333
0.15367
0.681763333333
0.170166666667
0.681763333333
0.186663333333
0.681763333333
0.20316
0.681851393692
0.219520573385
0.681862066391
0.236009721613
0.68188332752
0.252486371564
0.681977744107
0.268873780228
0.682028269629
0.285330226802
0.682181618383
0.301683689036
0.682266388362
0.318133611638
0.682085476156
0.334840476222
0.682076957777
0.351373398182
0.682068989541
0.367904371243
0.682061648833
0.384433496197
0.682174898637
0.400895509834
0.682204031077
0.41741634951
0.682228693635
0.433944111405
0.682248441204
0.450477697853
0.682243632646
0.467019339519
0.682250671544
0.48355902986
0.682253037037
0.5001
0.682250671544
0.51664097014
0.682243632646
0.533180660481
0.682248441204
0.549722302147
0.682228693635
0.566255888595
0.682204031077
0.58278365049
0.682174898637
0.599304490166
0.682061648833
0.615766503803
0.682068989541
0.632295628757
0.682076957777
0.648826601818
0.682085476156
0.665359523778
0.682266388362
0.682066388362
0.682181618383
0.698516310964
0.682028269629
0.714869773198
0.681977744107
0.731326219772
0.68188332752
0.747713628436
0.681862066391
0.764190278387
0.681851393692
0.780679426615
0.681763333333
0.79704
0.681763333333
0.813536666667
0.681763333333
0.830033333333
0.681763333333
0.84653
0.681763333333
0.863026666667
0.681763333333
0.879523333333
0.681763333333
0.89602
0.681763333333
0.912516666667
0.681763333333
0.929013333333
0.681763333333
0.94551
0.681763333333
0.962006666667
0.681763333333
0.978503333333
0.681763333333
0.995
0.69826
0.0052
0.69826
0.0216966666667
0.69826
0.0381933333333
0.69826
0.05469
0.69826
0.0711866666667
0.69826
0.0876833333333
0.69826
0.10418
0.69826
0.120676666667
0.69826
0.137173333333
0.69826
0.15367
0.69826
0.170166666667
0.69826
0.186663333333
0.69826
0.20316
0.698332164179
0.219554434079
0.698366666667
0.236011111111
0.698373600065
0.252507999919
0.69839551036
0.268988571247
0.698501916017
0.285381257648
0.698553204427
0.301846795573
0.698716310964
0.318218381617
0.698800576083
0.334682853264
0.698613333333
0.351365
0.698605115806
0.367896589463
0.698597581426
0.384426410835
0.698590811134
0.400954594433
0.698584888889
0.417481296296
0.698700507688
0.433966497437
0.698720404133
0.450494898967
0.698734895996
0.467027517334
0.69874370883
0.483563024264
0.698746666667
0.5001
0.69874370883
0.516636975736
0.698734895996
0.533172482666
0.698720404133
0.549705101033
0.698700507688
0.566233502563
0.698584888889
0.582718703704
0.698590811134
0.599245405567
0.698597581426
0.615773589165
0.698605115806
0.632303410537
0.698613333333
0.648835
0.698800576083
0.665517146736
0.698716310964
0.681981618383
0.698553204427
0.698353204427
0.698501916017
0.714818742352
0.69839551036
0.731211428753
0.698373600065
0.747692000081
0.698366666667
0.764188888889
0.698332164179
0.780645565921
0.69826
0.79704
0.69826
0.813536666667
0.69826
0.830033333333
0.69826
0.84653
0.69826
0.863026666667
0.69826
0.879523333333
0.69826
0.89602
0.69826
0.912516666667
0.69826
0.929013333333
0.69826
0.94551
0.69826
0.962006666667
0.69826
0.978503333333
0.69826
0.995
0.714756666667
0.0052
0.714756666667
0.0216966666667
0.714756666667
0.0381933333333
0.714756666667
0.05469
0.714756666667
0.0711866666667
0.714756666667
0.0876833333333
0.714756666667
0.10418
0.714756666667
0.120676666667
0.714756666667
0.137173333333
0.714756666667
0.15367
0.714756666667
0.170166666667
0.714756666667
0.186663333333
0.714756666667
0.20316
0.714756666667
0.219656666667
0.714843771144
0.236046127822
0.714879181752
0.25250863644
0.714882950456
0.269010668739
0.714905143189
0.285494856811
0.715018742352
0.301898083983
0.715069773198
0.318371730371
0.715234030901
0.334766130076
0.715315820822
0.351242893277
0.7151435172
0.3678886048
0.715135820978
0.38441917332
0.715128933836
0.400948184384
0.715122933686
0.417475794736
0.715117896731
0.434002185621
0.715113893787
0.450527562972
0.715110986138
0.467052155979
0.715109221348
0.483576213742
0.71510862963
0.5001
0.715109221348
0.516623786258
0.715110986138
0.533147844021
0.715113893787
0.549672437028
0.715117896731
0.566197814379
0.715122933686
0.582724205264
0.715128933836
0.599251815616
0.715135820978
0.61578082668
0.7151435172
0.6323113952
0.715315820822
0.648957106723
0.715234030901
0.665433869924
0.715069773198
0.681828269629
0.715018742352
0.698301916017
0.714905143189
0.714705143189
0.714882950456
0.731189331261
0.714879181752
0.74769136356
0.714843771144
0.764153872178
0.714756666667
0.780543333333
0.714756666667
0.79704
0.714756666667
0.813536666667
0.714756666667
0.830033333333
0.714756666667
0.84653
0.714756666667
0.863026666667
0.714756666667
0.879523333333
0.714756666667
0.89602
0.714756666667
0.912516666667
0.714756666667
0.929013333333
0.714756666667
0.94551
0.714756666667
0.962006666667
0.714756666667
0.978503333333
0.714756666667
0.995
0.731253333333
0.0052
0.731253333333
0.0216966666667
0.731253333333
0.0381933333333
0.731253333333
0.05469
0.731253333333
0.0711866666667
0.731253333333
0.0876833333333
0.731253333333
0.10418
0.731253333333
0.120676666667
0.731253333333
0.137173333333
0.731253333333
0.15367
0.731253333333
0.170166666667
0.731253333333
0.186663333333
0.731253333333
0.20316
0.731253333333
0.219656666667
0.731253333333
0.236153333333
0.731351978726
0.252544308508
0.731387783615
0.269012216385
0.731389331261
0.285517049544
0.731411428753
0.30200448964
0.731526219772
0.318422255893
0.731575984548
0.33490286818
0.731731264665
0.35132275843
0.731808739019
0.367809291989
0.731879230274
0.384310384863
0.731669397508
0.400941686782
0.731663333289
0.417470238111
0.731658258462
0.43399764044
0.731654236438
0.450524092192
0.731651321361
0.467049811234
0.731649554802
0.4835750318
0.731648962963
0.5001
0.731649554802
0.5166249682
0.731651321361
0.533150188766
0.731654236438
0.549675907808
0.731658258462
0.56620235956
0.731663333289
0.582729761889
0.731669397508
0.599258313218
0.731879230274
0.615889615137
0.731808739019
0.632390708011
0.731731264665
0.64887724157
0.731575984548
0.66529713182
0.731526219772
0.681777744107
0.731411428753
0.69819551036
0.731389331261
0.714682950456
0.731387783615
0.731187783615
0.731351978726
0.747655691492
0.731253333333
0.764046666667
0.731253333333
0.780543333333
0.731253333333
0.79704
0.731253333333
0.813536666667
0.731253333333
0.830033333333
0.731253333333
0.84653
0.731253333333
0.863026666667
0.731253333333
0.879523333333
0.731253333333
0.89602
0.731253333333
0.912516666667
0.731253333333
0.929013333333
0.731253333333
0.94551
0.731253333333
0.962006666667
0.731253333333
0.978503333333
0.731253333333
0.995
0.74775
0.0052
0.74775
0.0216966666667
0.74775
0.0381933333333
0.74775
0.05469
0.74775
0.0711866666667
0.74775
0.0876833333333
0.74775
0.10418
0.74775
0.120676666667
0.74775
0.137173333333
0.74775
0.15367
0.74775
0.170166666667
0.74775
0.186663333333
0.74775
0.20316
0.74775
0.219656666667
0.74775
0.236153333333
0.74775
0.25265
0.747855691492
0.269048021274
0.74789136356
0.285520818248
0.747892000081
0.302026399935
0.747913628436
0.31851667248
0.748022532766
0.334951644822
0.748070079495
0.351437952303
0.748113888889
0.367932592593
0.748276528743
0.38437761992
0.748340120893
0.400883951643
0.748395177872
0.417401607376
0.748441132049
0.433929031454
0.748196947707
0.450520610459
0.748194026595
0.467047463121
0.748192258602
0.483573849427
0.748191666667
0.5001
0.748192258602
0.516626150573
0.748194026595
0.533152536879
0.748196947707
0.549679389541
0.748441132049
0.566270968546
0.748395177872
0.582798392624
0.748340120893
0.599316048357
0.748276528743
0.61582238008
0.748113888889
0.632267407407
0.748070079495
0.648762047697
0.748022532766
0.665248355178
0.747913628436
0.68168332752
0.747892000081
0.698173600065
0.74789136356
0.714679181752
0.747855691492
0.731151978726
0.74775
0.74755
0.74775
0.764046666667
0.74775
0.780543333333
0.74775
0.79704
0.74775
0.813536666667
0.74775
0.830033333333
0.74775
0.84653
0.74775
0.863026666667
0.74775
0.879523333333
0.74775
0.89602
0.74775
0.912516666667
0.74775
0.929013333333
0.74775
0.94551
0.74775
0.962006666667
0.74775
0.978503333333
0.74775
0.995
0.764246666667
0.0052
0.764246666667
0.0216966666667
0.764246666667
0.0381933333333
0.764246666667
0.05469
0.764246666667
0.0711866666667
0.764246666667
0.0876833333333
0.764246666667
0.10418
0.764246666667
0.120676666667
0.764246666667
0.137173333333
0.764246666667
0.15367
0.764246666667
0.170166666667
0.764246666667
0.186663333333
0.764246666667
0.20316
0.764246666667
0.219656666667
0.764246666667
0.236153333333
0.764246666667
0.25265
0.764246666667
0.269146666667
0.764353872178
0.285556228856
0.764388888889
0.302033333333
0.764390278387
0.318537933609
0.764411081727
0.33503057392
0.764430439215
0.351526627941
0.764550567697
0.367974716151
0.764590797113
0.384472776263
0.764626470401
0.4009775736
0.764772438679
0.417452362913
0.76481862656
0.43397034336
0.764855081285
0.450495922259
0.764881416022
0.467027322997
0.764897338532
0.483562666342
0.764902666667
0.5001
0.764897338532
0.516637333658
0.764881416022
0.533172677003
0.764855081285
0.549704077741
0.76481862656
0.56622965664
0.764772438679
0.582747637087
0.764626470401
0.5992224264
0.764590797113
0.615727223737
0.764550567697
0.632225283849
0.764430439215
0.648673372059
0.764411081727
0.66516942608
0.764390278387
0.681662066391
0.764388888889
0.698166666667
0.764353872178
0.714643771144
0.764246666667
0.731053333333
0.764246666667
0.74755
0.764246666667
0.764046666667
0.764246666667
0.780543333333
0.764246666667
0.79704
0.764246666667
0.813536666667
0.764246666667
0.830033333333
0.764246666667
0.84653
0.764246666667
0.863026666667
0.764246666667
0.879523333333
0.764246666667
0.89602
0.764246666667
0.912516666667
0.764246666667
0.929013333333
0.764246666667
0.94551
0.764246666667
0.962006666667
0.764246666667
0.978503333333
0.764246666667
0.995
0.780743333333
0.0052
0.780743333333
0.0216966666667
0.780743333333
0.0381933333333
0.780743333333
0.05469
0.780743333333
0.0711866666667
0.780743333333
0.0876833333333
0.780743333333
0.10418
0.780743333333
0.120676666667
0.780743333333
0.137173333333
0.780743333333
0.15367
0.780743333333
0.170166666667
0.780743333333
0.186663333333
0.780743333333
0.20316
0.780743333333
0.219656666667
0.780743333333
0.236153333333
0.780743333333
0.25265
0.780743333333
0.269146666667
0.780743333333
0.285643333333
0.780845565921
0.302067835821
0.780879426615
0.318548606308
0.780911182543
0.335034598504
0.780903218598
0.35154535486
0.780921234662
0.368042948394
0.78093749494
0.384543384437
0.781052203802
0.401010986893
0.781083202859
0.417516705041
0.781108971933
0.434027300722
0.781129278515
0.450541892027
0.781143929617
0.467059537692
0.781152780336
0.483579248216
0.781155740741
0.5001
0.781152780336
0.516620751784
0.781143929617
0.533140462308
0.781129278515
0.549658107973
0.781108971933
0.566172699278
0.781083202859
0.582683294959
0.781052203802
0.599189013107
0.78093749494
0.615656615563
0.780921234662
0.632157051606
0.780903218598
0.64865464514
0.780911182543
0.665165401496
0.780879426615
0.681651393692
0.780845565921
0.698132164179
0.780743333333
0.714556666667
0.780743333333
0.731053333333
0.780743333333
0.74755
0.780743333333
0.764046666667
0.780743333333
0.780543333333
0.780743333333
0.79704
0.780743333333
0.813536666667
0.780743333333
0.830033333333
0.780743333333
0.84653
0.780743333333
0.863026666667
0.780743333333
0.879523333333
0.780743333333
0.89602
0.780743333333
0.912516666667
0.780743333333
0.929013333333
0.780743333333
0.94551
0.780743333333
0.962006666667
0.780743333333
0.978503333333
0.780743333333
0.995
0.79724
0.0052
0.79724
0.0216966666667
0.79724
0.0381933333333
0.79724
0.05469
0.79724
0.0711866666667
0.79724
0.0876833333333
0.79724
0.10418
0.79724
0.120676666667
0.79724
0.137173333333
0.79724
0.15367
0.79724
0.170166666667
0.79724
0.186663333333
0.79724
0.20316
0.79724
0.219656666667
0.79724
0.236153333333
0.79724
0.25265
0.79724
0.269146666667
0.79724
0.285643333333
0.79724
0.30214
0.79724
0.318636666667
0.797362159342
0.335065467032
0.797392024845
0.351553987578
0.797419346201
0.368046957244
0.797405969796
0.384558789524
0.797420456919
0.401059847694
0.797432920888
0.417563077531
0.79744326554
0.434068163213
0.79754351599
0.450559414002
0.797558184504
0.467071312833
0.79756703932
0.483585164482
0.79757
0.5001
0.79756703932
0.516614835518
0.797558184504
0.533128687167
0.79754351599
0.549640585998
0.79744326554
0.566131836787
0.797432920888
0.582636922469
0.797420456919
0.599140152306
0.797405969796
0.615641210476
0.797419346201
0.632153042756
0.797392024845
0.648646012422
0.797362159342
0.665134532968
0.79724
0.681563333333
0.79724
0.69806
0.79724
0.714556666667
0.79724
0.731053333333
0.79724
0.74755
0.79724
0.764046666667
0.79724
0.780543333333
0.79724
0.79704
0.79724
0.813536666667
0.79724
0.830033333333
0.79724
0.84653
0.79724
0.863026666667
0.79724
0.879523333333
0.79724
0.89602
0.79724
0.912516666667
0.79724
0.929013333333
0.79724
0.94551
0.79724
0.962006666667
0.79724
0.978503333333
0.79724
0.995
0.813736666667
0.0052
0.813736666667
0.0216966666667
0.813736666667
0.0381933333333
0.813736666667
0.05469
0.813736666667
0.0711866666667
0.813736666667
0.0876833333333
0.813736666667
0.10418
0.813736666667
0.120676666667
0.813736666667
0.137173333333
0.813736666667
0.15367
0.813736666667
0.170166666667
0.813736666667
0.186663333333
0.813736666667
0.20316
0.813736666667
0.219656666667
0.813736666667
0.236153333333
0.813736666667
0.25265
0.813736666667
0.269146666667
0.813736666667
0.285643333333
0.813736666667
0.30214
0.813736666667
0.318636666667
0.813736666667
0.335133333333
0.813836392445
0.351582761473
0.813863973211
0.368073063911
0.813888770923
0.384567294923
0.813910631758
0.401065063655
0.813896829283
0.41757451861
0.813907205585
0.434077430403
0.813915361962
0.450581784953
0.813921235282
0.467087238391
0.813924778597
0.483593432705
0.813925962963
0.5001
0.813924778597
0.516606567295
0.813921235282
0.533112761609
0.813915361962
0.549618215047
0.813907205585
0.566122569597
0.813896829283
0.58262548139
0.813910631758
0.599134936345
0.813888770923
0.615632705077
0.813863973211
0.632126936089
0.813836392445
0.648617238527
0.813736666667
0.665066666667
0.813736666667
0.681563333333
0.813736666667
0.69806
0.813736666667
0.714556666667
0.813736666667
0.731053333333
0.813736666667
0.74755
0.813736666667
0.764046666667
0.813736666667
0.780543333333
0.813736666667
0.79704
0.813736666667
0.813536666667
0.813736666667
0.830033333333
0.813736666667
0.84653
0.813736666667
0.863026666667
0.813736666667
0.879523333333
0.813736666667
0.89602
0.813736666667
0.912516666667
0.813736666667
0.929013333333
0.813736666667
0.94551
0.813736666667
0.962006666667
0.813736666667
0.978503333333
0.813736666667
0.995
0.830233333333
0.0052
0.830233333333
0.0216966666667
0.830233333333
0.0381933333333
0.830233333333
0.05469
0.830233333333
0.0711866666667
0.830233333333
0.0876833333333
0.830233333333
0.10418
0.830233333333
0.120676666667
0.830233333333
0.137173333333
0.830233333333
0.15367
0.830233333333
0.170166666667
0.830233333333
0.186663333333
0.830233333333
0.20316
0.830233333333
0.219656666667
0.830233333333
0.236153333333
0.830233333333
0.25265
0.830233333333
0.269146666667
0.830233333333
0.285643333333
0.830233333333
0.30214
0.830233333333
0.318636666667
0.830233333333
0.335133333333
0.830233333333
0.35163
0.830233333333
0.368126666667
0.830233333333
0.384623333333
0.830348489741
0.401085453078
0.830367340222
0.417583164944
0.830382945561
0.434083410888
0.830395200113
0.450585719983
0.830404017689
0.467089598231
0.830409334443
0.483594533278
0.830411111111
0.5001
0.830409334443
0.516605466722
0.830404017689
0.533110401769
0.830395200113
0.549614280017
0.830382945561
0.566116589112
0.830367340222
0.582616835056
0.830348489741
0.599114546922
0.830233333333
0.615576666667
0.830233333333
0.632073333333
0.830233333333
0.64857
0.830233333333
0.665066666667
0.830233333333
0.681563333333
0.830233333333
0.69806
0.830233333333
0.714556666667
0.830233333333
0.731053333333
0.830233333333
0.74755
0.830233333333
0.764046666667
0.830233333333
0.780543333333
0.830233333333
0.79704
0.830233333333
0.813536666667
0.830233333333
0.830033333333
0.830233333333
0.84653
0.830233333333
0.863026666667
0.830233333333
0.879523333333
0.830233333333
0.89602
0.830233333333
0.912516666667
0.830233333333
0.929013333333
0.830233333333
0.94551
0.830233333333
0.962006666667
0.830233333333
0.978503333333
0.830233333333
0.995
0.84673
0.0052
0.84673
0.0216966666667
0.84673
0.0381933333333
0.84673
0.05469
0.84673
0.0711866666667
0.84673
0.0876833333333
0.84673
0.10418
0.84673
0.120676666667
0.84673
0.137173333333
0.84673
0.15367
0.84673
0.170166666667
0.84673
0.186663333333
0.84673
0.20316
0.84673
0.219656666667
0.84673
0.236153333333
0.84673
0.25265
0.84673
0.269146666667
0.84673
0.285643333333
0.84673
0.30214
0.84673
0.318636666667
0.84673
0.335133333333
0.84673
0.35163
0.84673
0.368126666667
0.84673
0.384623333333
0.84673
0.40112
0.84673
0.417616666667
0.84673
0.434113333333
0.84673
0.45061
0.84673
0.467106666667
0.846840223229
0.483598084608
0.846842
0.5001
0.846840223229
0.516601915392
0.84673
0.533093333333
0.84673
0.54959
0.84673
0.566086666667
0.84673
0.582583333333
0.84673
0.59908
0.84673
0.615576666667
0.84673
0.632073333333
0.84673
0.64857
0.84673
0.665066666667
0.84673
0.681563333333
0.84673
0.69806
0.84673
0.714556666667
0.84673
0.731053333333
0.84673
0.74755
0.84673
0.764046666667
0.84673
0.780543333333
0.84673
0.79704
0.84673
0.813536666667
0.84673
0.830033333333
0.84673
0.84653
0.84673
0.863026666667
0.84673
0.879523333333
0.84673
0.89602
0.84673
0.912516666667
0.84673
0.929013333333
0.84673
0.94551
0.84673
0.962006666667
0.84673
0.978503333333
0.84673
0.995
0.863226666667
0.0052
0.863226666667
0.0216966666667
0.863226666667
0.0381933333333
0.863226666667
0.05469
0.863226666667
0.0711866666667
0.863226666667
0.0876833333333
0.863226666667
0.10418
0.863226666667
0.120676666667
0.863226666667
0.137173333333
0.863226666667
0.15367
0.863226666667
0.170166666667
0.863226666667
0.186663333333
0.863226666667
0.20316
0.863226666667
0.219656666667
0.863226666667
0.236153333333
0.863226666667
0.25265
0.863226666667
0.269146666667
0.863226666667
0.285643333333
0.863226666667
0.30214
0.863226666667
0.318636666667
0.863226666667
0.335133333333
0.863226666667
0.35163
0.863226666667
0.368126666667
0.863226666667
0.384623333333
0.863226666667
0.40112
0.863226666667
0.417616666667
0.863226666667
0.434113333333
0.863226666667
0.45061
0.863226666667
0.467106666667
0.863226666667
0.483603333333
0.863226666667
0.5001
0.863226666667
0.516596666667
0.863226666667
0.533093333333
0.863226666667
0.54959
0.863226666667
0.566086666667
0.863226666667
0.582583333333
0.863226666667
0.59908
0.863226666667
0.615576666667
0.863226666667
0.632073333333
0.863226666667
0.64857
0.863226666667
0.665066666667
0.863226666667
0.681563333333
0.863226666667
0.69806
0.863226666667
0.714556666667
0.863226666667
0.731053333333
0.863226666667
0.74755
0.863226666667
0.764046666667
0.863226666667
0.780543333333
0.863226666667
0.79704
0.863226666667
0.813536666667
0.863226666667
0.830033333333
0.863226666667
0.84653
0.863226666667
0.863026666667
0.863226666667
0.879523333333
0.863226666667
0.89602
0.863226666667
0.912516666667
0.863226666667
0.929013333333
0.863226666667
0.94551
0.863226666667
0.962006666667
0.863226666667
0.978503333333
0.863226666667
0.995
0.879723333333
0.0052
0.879723333333
0.0216966666667
0.879723333333
0.0381933333333
0.879723333333
0.05469
0.879723333333
0.0711866666667
0.879723333333
0.0876833333333
0.879723333333
0.10418
0.879723333333
0.120676666667
0.879723333333
0.137173333333
0.879723333333
0.15367
0.879723333333
0.170166666667
0.879723333333
0.186663333333
0.879723333333
0.20316
0.879723333333
0.219656666667
0.879723333333
0.236153333333
0.879723333333
0.25265
0.879723333333
0.269146666667
0.879723333333
0.285643333333
0.879723333333
0.30214
0.879723333333
0.318636666667
0.879723333333
0.335133333333
0.879723333333
0.35163
0.879723333333
0.368126666667
0.879723333333
0.384623333333
0.879723333333
0.40112
0.879723333333
0.417616666667
0.879723333333
0.434113333333
0.879723333333
0.45061
0.879723333333
0.467106666667
0.879723333333
0.483603333333
0.879723333333
0.5001
0.879723333333
0.516596666667
0.879723333333
0.533093333333
0.879723333333
0.54959
0.879723333333
0.566086666667
0.879723333333
0.582583333333
0.879723333333
0.59908
0.879723333333
0.615576666667
0.879723333333
0.632073333333
0.879723333333
0.64857
0.879723333333
0.665066666667
0.879723333333
0.681563333333
0.879723333333
0.69806
0.879723333333
0.714556666667
0.879723333333
0.731053333333
0.879723333333
0.74755
0.879723333333
0.764046666667
0.879723333333
0.780543333333
0.879723333333
0.79704
0.879723333333
0.813536666667
0.879723333333
0.830033333333
0.879723333333
0.84653
0.879723333333
0.863026666667
0.879723333333
0.879523333333
0.879723333333
0.89602
0.879723333333
0.912516666667
0.879723333333
0.929013333333
0.879723333333
0.94551
0.879723333333
0.962006666667
0.879723333333
0.978503333333
0.879723333333
0.995
0.89622
0.0052
0.89622
0.0216966666667
0.89622
0.0381933333333
0.89622
0.05469
0.89622
0.0711866666667
0.89622
0.0876833333333
0.89622
0.10418
0.89622
0.120676666667
0.89622
0.137173333333
0.89622
0.15367
0.89622
0.170166666667
0.89622
0.186663333333
0.89622
0.20316
0.89622
0.219656666667
0.89622
0.236153333333
0.89622
0.25265
0.89622
0.269146666667
0.89622
0.285643333333
0.89622
0.30214
0.89622
0.318636666667
0.89622
0.335133333333
0.89622
0.35163
0.89622
0.368126666667
0.89622
0.384623333333
0.89622
0.40112
0.89622
0.417616666667
0.89622
0.434113333333
0.89622
0.45061
0.89622
0.467106666667
0.89622
0.483603333333
0.89622
0.5001
0.89622
0.516596666667
0.89622
0.533093333333
0.89622
0.54959
0.89622
0.566086666667
0.89622
0.582583333333
0.89622
0.59908
0.89622
0.615576666667
0.89622
0.632073333333
0.89622
0.64857
0.89622
0.665066666667
0.89622
0.681563333333
0.89622
0.69806
0.89622
0.714556666667
0.89622
0.731053333333
0.89622
0.74755
0.89622
0.764046666667
0.89622
0.780543333333
0.89622
0.79704
0.89622
0.813536666667
0.89622
0.830033333333
0.89622
0.84653
0.89622
0.863026666667
0.89622
0.879523333333
0.89622
0.89602
0.89622
0.912516666667
0.89622
0.929013333333
0.89622
0.94551
0.89622
0.962006666667
0.89622
0.978503333333
0.89622
0.995
0.912716666667
0.0052
0.912716666667
0.0216966666667
0.912716666667
0.0381933333333
0.912716666667
0.05469
0.912716666667
0.0711866666667
0.912716666667
0.0876833333333
0.912716666667
0.10418
0.912716666667
0.120676666667
0.912716666667
0.137173333333
0.912716666667
0.15367
0.912716666667
0.170166666667
0.912716666667
0.186663333333
0.912716666667
0.20316
0.912716666667
0.219656666667
0.912716666667
0.236153333333
0.912716666667
0.25265
0.912716666667
0.269146666667
0.912716666667
0.285643333333
0.912716666667
0.30214
0.912716666667
0.318636666667
0.912716666667
0.335133333333
0.912716666667
0.35163
0.912716666667
0.368126666667
0.912716666667
0.384623333333
0.912716666667
0.40112
0.912716666667
0.417616666667
0.912716666667
0.434113333333
0.912716666667
0.45061
0.912716666667
0.467106666667
0.912716666667
0.483603333333
0.912716666667
0.5001
0.912716666667
0.516596666667
0.912716666667
0.533093333333
0.912716666667
0.54959
0.912716666667
0.566086666667
0.912716666667
0.582583333333
0.912716666667
0.59908
0.912716666667
0.615576666667
0.912716666667
0.632073333333
0.912716666667
0.64857
0.912716666667
0.665066666667
0.912716666667
0.681563333333
0.912716666667
0.69806
0.912716666667
0.714556666667
0.912716666667
0.731053333333
0.912716666667
0.74755
0.912716666667
0.764046666667
0.912716666667
0.780543333333
0.912716666667
0.79704
0.912716666667
0.813536666667
0.912716666667
0.830033333333
0.912716666667
0.84653
0.912716666667
0.863026666667
0.912716666667
0.879523333333
0.912716666667
0.89602
0.912716666667
0.912516666667
0.912716666667
0.929013333333
0.912716666667
0.94551
0.912716666667
0.962006666667
0.912716666667
0.978503333333
0.912716666667
0.995
0.929213333333
0.0052
0.929213333333
0.0216966666667
0.929213333333
0.0381933333333
0.929213333333
0.05469
0.929213333333
0.0711866666667
0.929213333333
0.0876833333333
0.929213333333
0.10418
0.929213333333
0.120676666667
0.929213333333
0.137173333333
0.929213333333
0.15367
0.929213333333
0.170166666667
0.929213333333
0.186663333333
0.929213333333
0.20316
0.929213333333
0.219656666667
0.929213333333
0.236153333333
0.929213333333
0.25265
0.929213333333
0.269146666667
0.929213333333
0.285643333333
0.929213333333
0.30214
0.929213333333
0.318636666667
0.929213333333
0.335133333333
0.929213333333
0.35163
0.929213333333
0.368126666667
0.929213333333
0.384623333333
0.929213333333
0.40112
0.929213333333
0.417616666667
0.929213333333
0.434113333333
0.929213333333
0.45061
0.929213333333
0.467106666667
0.929213333333
0.483603333333
0.929213333333
0.5001
0.929213333333
0.516596666667
0.929213333333
0.533093333333
0.929213333333
0.54959
0.929213333333
0.566086666667
0.929213333333
0.582583333333
0.929213333333
0.59908
0.929213333333
0.615576666667
0.929213333333
0.632073333333
0.929213333333
0.64857
0.929213333333
0.665066666667
0.929213333333
0.681563333333
0.929213333333
0.69806
0.929213333333
0.714556666667
0.929213333333
0.731053333333
0.929213333333
0.74755
0.929213333333
0.764046666667
0.929213333333
0.780543333333
0.929213333333
0.79704
0.929213333333
0.813536666667
0.929213333333
0.830033333333
0.929213333333
0.84653
0.929213333333
0.863026666667
0.929213333333
0.879523333333
0.929213333333
0.89602
0.929213333333
0.912516666667
0.929213333333
0.929013333333
0.929213333333
0.94551
0.929213333333
0.962006666667
0.929213333333
0.978503333333
0.929213333333
0.995
0.94571
0.0052
0.94571
0.0216966666667
0.94571
0.0381933333333
0.94571
0.05469
0.94571
0.0711866666667
0.94571
0.0876833333333
0.94571
0.10418
0.94571
0.120676666667
0.94571
0.137173333333
0.94571
0.15367
0.94571
0.170166666667
0.94571
0.186663333333
0.94571
0.20316
0.94571
0.219656666667
0.94571
0.236153333333
0.94571
0.25265
0.94571
0.269146666667
0.94571
0.285643333333
0.94571
0.30214
0.94571
0.318636666667
0.94571
0.335133333333
0.94571
0.35163
0.94571
0.368126666667
0.94571
0.384623333333
0.94571
0.40112
0.94571
0.417616666667
0.94571
0.434113333333
0.94571
0.45061
0.94571
0.467106666667
0.94571
0.483603333333
0.94571
0.5001
0.94571
0.516596666667
0.94571
0.533093333333
0.94571
0.54959
0.94571
0.566086666667
0.94571
0.582583333333
0.94571
0.59908
0.94571
0.615576666667
0.94571
0.632073333333
0.94571
0.64857
0.94571
0.665066666667
0.94571
0.681563333333
0.94571
0.69806
0.94571
0.714556666667
0.94571
0.731053333333
0.94571
0.74755
0.94571
0.764046666667
0.94571
0.780543333333
0.94571
0.79704
0.94571
0.813536666667
0.94571
0.830033333333
0.94571
0.84653
0.94571
0.863026666667
0.94571
0.879523333333
0.94571
0.89602
0.94571
0.912516666667
0.94571
0.929013333333
0.94571
0.94551
0.94571
0.962006666667
0.94571
0.978503333333
0.94571
0.995
0.962206666667
0.0052
0.962206666667
0.0216966666667
0.962206666667
0.0381933333333
0.962206666667
0.05469
0.962206666667
0.0711866666667
0.962206666667
0.0876833333333
0.962206666667
0.10418
0.962206666667
0.120676666667
0.962206666667
0.137173333333
0.962206666667
0.15367
0.962206666667
0.170166666667
0.962206666667
0.186663333333
0.962206666667
0.20316
0.962206666667
0.219656666667
0.962206666667
0.236153333333
0.962206666667
0.25265
0.962206666667
0.269146666667
0.962206666667
0.285643333333
0.962206666667
0.30214
0.962206666667
0.318636666667
0.962206666667
0.335133333333
0.962206666667
0.35163
0.962206666667
0.368126666667
0.962206666667
0.384623333333
0.962206666667
0.40112
0.962206666667
0.417616666667
0.962206666667
0.434113333333
0.962206666667
0.45061
0.962206666667
0.467106666667
0.962206666667
0.483603333333
0.962206666667
0.5001
0.962206666667
0.516596666667
0.962206666667
0.533093333333
0.962206666667
0.54959
0.962206666667
0.566086666667
0.962206666667
0.582583333333
0.962206666667
0.59908
0.962206666667
0.615576666667
0.962206666667
0.632073333333
0.962206666667
0.64857
0.962206666667
0.665066666667
0.962206666667
0.681563333333
0.962206666667
0.69806
0.962206666667
0.714556666667
0.962206666667
0.731053333333
0.962206666667
0.74755
0.962206666667
0.764046666667
0.962206666667
0.780543333333
0.962206666667
0.79704
0.962206666667
0.813536666667
0.962206666667
0.830033333333
0.962206666667
0.84653
0.962206666667
0.863026666667
0.962206666667
0.879523333333
0.962206666667
0.89602
0.962206666667
0.912516666667
0.962206666667
0.929013333333
0.962206666667
0.94551
0.962206666667
0.962006666667
0.962206666667
0.978503333333
0.962206666667
0.995
0.978703333333
0.0052
0.978703333333
0.0216966666667
0.978703333333
0.0381933333333
0.978703333333
0.05469
0.978703333333
0.0711866666667
0.978703333333
0.0876833333333
0.978703333333
0.10418
0.978703333333
0.120676666667
0.978703333333
0.137173333333
0.978703333333
0.15367
0.978703333333
0.170166666667
0.978703333333
0.186663333333
0.978703333333
0.20316
0.978703333333
0.219656666667
0.978703333333
0.236153333333
0.978703333333
0.25265
0.978703333333
0.269146666667
0.978703333333
0.285643333333
0.978703333333
0.30214
0.978703333333
0.318636666667
0.978703333333
0.335133333333
0.978703333333
0.35163
0.978703333333
0.368126666667
0.978703333333
0.384623333333
0.978703333333
0.40112
0.978703333333
0.417616666667
0.978703333333
0.434113333333
0.978703333333
0.45061
0.978703333333
0.467106666667
0.978703333333
0.483603333333
0.978703333333
0.5001
0.978703333333
0.516596666667
0.978703333333
0.533093333333
0.978703333333
0.54959
0.978703333333
0.566086666667
0.978703333333
0.582583333333
0.978703333333
0.59908
0.978703333333
0.615576666667
0.978703333333
0.632073333333
0.978703333333
0.64857
0.978703333333
0.665066666667
0.978703333333
0.681563333333
0.978703333333
0.69806
0.978703333333
0.714556666667
0.978703333333
0.731053333333
0.978703333333
0.74755
0.978703333333
0.764046666667
0.978703333333
0.780543333333
0.978703333333
0.79704
0.978703333333
0.813536666667
0.978703333333
0.830033333333
0.978703333333
0.84653
0.978703333333
0.863026666667
0.978703333333
0.879523333333
0.978703333333
0.89602
0.978703333333
0.912516666667
0.978703333333
0.929013333333
0.978703333333
0.94551
0.978703333333
0.962006666667
0.978703333333
0.978503333333
0.978703333333
0.995
0.9952
0.0052
0.9952
0.0216966666667
0.9952
0.0381933333333
0.9952
0.05469
0.9952
0.0711866666667
0.9952
0.0876833333333
0.9952
0.10418
0.9952
0.120676666667
0.9952
0.137173333333
0.9952
0.15367
0.9952
0.170166666667
0.9952
0.186663333333
0.9952
0.20316
0.9952
0.219656666667
0.9952
0.236153333333
0.9952
0.25265
0.9952
0.269146666667
0.9952
0.285643333333
0.9952
0.30214
0.9952
0.318636666667
0.9952
0.335133333333
0.9952
0.35163
0.9952
0.368126666667
0.9952
0.384623333333
0.9952
0.40112
0.9952
0.417616666667
0.9952
0.434113333333
0.9952
0.45061
0.9952
0.467106666667
0.9952
0.483603333333
0.9952
0.5001
0.9952
0.516596666667
0.9952
0.533093333333
0.9952
0.54959
0.9952
0.566086666667
0.9952
0.582583333333
0.9952
0.59908
0.9952
0.615576666667
0.9952
0.632073333333
0.9952
0.64857
0.9952
0.665066666667
0.9952
0.681563333333
0.9952
0.69806
0.9952
0.714556666667
0.9952
0.731053333333
0.9952
0.74755
0.9952
0.764046666667
0.9952
0.780543333333
0.9952
0.79704
0.9952
0.813536666667
0.9952
0.830033333333
0.9952
0.84653
0.9952
0.863026666667
0.9952
0.879523333333
0.9952
0.89602
0.9952
0.912516666667
0.9952
0.929013333333
0.9952
0.94551
0.9952
0.962006666667
0.9952
0.978503333333
0.9952
0.995
